$SPEC_ID:
none
$SPEC_REM:
DET# 1
DETDESC# Donnie Sheehan III - Easy-MCA-2k SN 14163589
AP# Maestro Version 7.01
$DATE_MEA:
10/04/2022 15:27:25
$MEAS_TIM:
301 301
$DATA:
0 2047
       0
       0
       0
       0
       0
       0
       0
       0
       0
       0
       0
       0
       0
       0
       0
       0
       0
       0
       0
       0
       0
       0
       0
       0
       0
       0
       0
       0
       0
       0
       0
       0
       0
       0
       0
       0
       0
       0
       0
       6
       9
       4
       6
       5
       6
       4
       2
       7
       6
       5
       5
       2
       7
       8
       4
       4
       8
       7
       6
       3
       6
       4
      10
      10
       5
      13
      13
      12
       9
      10
       7
       6
      10
       8
       9
       3
       7
       5
       8
      13
       2
      13
       6
       8
       3
       5
       8
      12
       8
       8
       4
       6
       7
       9
       6
       7
       8
      11
       8
      16
       7
       8
       9
       8
       8
       5
       9
       9
       6
       9
      10
       7
      11
      11
      13
       9
      17
       6
      14
      10
      11
      18
      15
       9
      14
       7
      12
      12
      11
      12
      15
      20
      14
      16
      17
      25
      26
      21
      21
      19
      16
      30
      31
      22
      28
      35
      30
      35
      32
      30
      40
      32
      43
      28
      33
      35
      40
      30
      38
      38
      32
      36
      32
      34
      37
      37
      46
      33
      33
      25
      31
      27
      25
      26
      36
      31
      33
      28
      27
      27
      27
      27
      27
      27
      32
      34
      20
      30
      29
      25
      28
      26
      23
      18
      34
      22
      30
      25
      22
      27
      22
      24
      23
      15
      17
      26
      27
      22
      24
      29
      21
      21
      21
      23
      26
      18
      19
      21
      28
      31
      25
      16
      26
      22
      21
      21
      24
      25
      33
      23
      30
      33
      25
      16
      23
      24
      27
      20
      29
      22
      31
      25
      23
      26
      29
      22
      21
      28
      36
      28
      19
      35
      27
      25
      32
      24
      27
      27
      24
      23
      26
      34
      31
      29
      29
      28
      22
      24
      25
      25
      41
      30
      27
      34
      30
      18
      23
      18
      31
      20
      28
      25
      23
      24
      28
      30
      27
      17
      27
      25
      24
      26
      22
      21
      15
      15
      26
      23
      16
      30
      31
      22
      28
      23
      30
      25
      22
      26
      22
      27
      17
      19
      21
      24
      25
      19
      24
      26
      25
      19
      20
      25
      22
      20
      22
      22
      17
      19
      22
      28
      20
      23
      18
      19
      22
      24
      20
      12
      10
      25
      20
      20
      27
      22
      29
      30
      11
      24
      16
      24
      14
      22
      22
      26
      15
      20
      16
      23
      13
      23
      25
      27
      23
      16
      25
      18
      17
      16
      25
      29
      23
      24
      22
      27
      16
      23
      25
      16
      26
      11
      15
      20
      24
      13
      16
      24
      31
      19
      25
      23
      16
      28
      23
      27
      13
      30
      22
      18
      16
      34
      30
      29
      23
      26
      26
      34
      34
      18
      29
      23
      35
      24
      29
      19
      37
      33
      38
      25
      31
      30
      26
      34
      34
      35
      32
      33
      29
      30
      28
      37
      33
      37
      33
      36
      39
      37
      34
      35
      40
      46
      38
      33
      47
      39
      27
      21
      39
      46
      27
      32
      37
      35
      33
      28
      33
      35
      21
      25
      32
      24
      32
      25
      20
      29
      37
      34
      28
      18
      18
      18
      28
      17
      34
      25
      16
      27
      21
      20
      17
      15
      16
      17
      24
      19
      21
      21
      20
      19
      11
      17
      20
      14
      13
      13
      12
      17
      10
      15
      10
      19
      15
      10
      11
      13
      18
       7
      13
      12
       8
      11
      12
       9
      16
      12
      13
      12
       8
       7
       5
      15
       7
      12
      13
       4
      11
       7
      10
      13
      14
      12
       9
      12
       7
      12
       7
      12
       4
      13
      10
       4
       8
      15
       8
      14
      17
      11
       4
       9
      10
      11
      13
       6
       9
       8
      11
       6
      10
      10
       6
      10
       8
       9
      10
       7
      10
       9
      10
       3
      15
       5
       5
      15
       8
       5
       8
      11
      10
       5
      10
       6
       8
       6
       8
      11
       9
       3
       6
       5
       4
      12
       5
       8
       5
      10
       3
      12
       5
       9
       4
       5
       4
       3
       9
       4
       6
       3
       6
       8
       6
       4
       3
       7
       7
       5
       6
       5
      12
       3
       7
       3
       6
       3
       1
       4
       7
       9
       9
       4
       5
       6
       6
       6
       5
       2
       5
       4
       8
       8
       8
       6
      10
       3
       4
       2
       3
       1
       5
       2
      11
       3
       6
       4
       8
       5
       7
       8
       4
       2
       2
       4
       6
       4
       5
       4
       7
       2
       7
       3
       2
       7
       8
       5
       4
       2
      10
       5
       5
       3
       4
       3
       4
       4
       4
       2
       8
       1
       5
       4
       4
       7
       5
       4
       3
       6
       5
      12
       3
       7
       1
       3
       5
       3
       1
       3
       3
       9
       7
       4
       3
       5
       5
       2
       6
       2
       2
       6
       7
       4
       4
       4
       3
       3
       4
       7
       5
       2
       5
       6
       3
       4
       3
       4
       8
       5
       3
       4
       1
       1
       3
       5
       4
       6
       6
       6
       6
       4
       1
       1
       5
       3
       3
       2
       3
       4
       4
       3
       5
       3
       4
       3
       8
       5
       4
       7
       2
      10
       3
       6
       5
       3
       2
       6
       3
       6
       4
       4
       4
       6
       6
       7
       2
       1
       5
       6
      10
       3
       4
       2
       6
       2
       2
       6
       3
       4
       2
       4
       3
       2
       4
       4
       4
       6
       7
       4
       7
       3
       3
       3
       5
       6
       1
       1
       6
       4
       2
       5
       4
       5
       5
       4
       2
       4
       5
       5
       4
       4
       4
       0
       6
      11
       1
       4
       2
       7
      10
       4
       6
       3
       3
       4
       3
       2
       5
       1
       6
       3
       6
       5
       4
       2
       4
       6
       7
       1
       4
       3
       4
       3
       5
       3
       2
       6
       4
       6
       3
       1
       1
       4
       8
       5
       5
       4
       4
       7
       7
       2
       8
       6
       4
       2
       5
      13
       5
       3
       3
       6
       5
       5
       7
       6
       4
       8
       7
       4
       6
       5
       0
       3
       2
       3
       7
       3
       3
       6
       7
       5
       5
       2
       8
       2
       1
       2
       5
       5
       8
       1
       5
       4
       3
       1
       2
       6
       2
       3
       5
       6
       1
       3
       4
       7
       5
       3
       3
       6
       5
       3
       3
       4
       3
       2
       2
       4
       5
       4
       4
       3
       2
       7
       3
       7
       2
       3
       3
       3
       4
       2
       6
       3
       2
       7
       5
       2
       5
       4
       3
       3
       8
       4
       4
       2
       6
       2
       4
       5
       2
       6
       4
       3
       3
       7
       3
       3
       5
       4
       4
       5
       3
       1
       7
       5
       6
       4
       5
       8
       6
       4
       9
       8
       2
       6
       5
       4
       1
       1
       4
       5
       4
       6
       1
       3
       4
       4
       4
       2
       2
       5
       3
       4
       4
       6
       4
       3
       3
       6
       4
       8
       3
       4
       3
       2
       5
       2
       6
       6
       4
       6
       2
       7
       7
       1
       1
       3
       4
       5
       5
       7
       3
       5
       4
       6
       1
       4
       4
       2
       3
       3
       0
       2
       3
       2
       7
       5
       5
       4
       2
       3
       4
       5
       1
       3
       2
       1
       1
       5
       3
       4
       1
       0
       2
       2
       2
       4
       2
       3
       6
       3
       1
       2
       3
       2
       7
       6
       2
       7
       2
       5
       3
       7
       3
       0
       0
       2
       2
       3
       5
       4
       6
       2
       3
       2
       2
       1
       2
       2
       2
       4
       5
       3
       2
       3
       0
       2
       5
       4
       3
       5
       2
       7
       5
       2
       3
       2
       5
       3
       3
       2
       0
       0
       4
       6
       5
       3
       3
       3
       5
       2
       3
       0
       6
       3
       1
       1
       2
       5
       3
       3
       0
       4
       2
       7
       4
       5
       3
       2
       2
       3
       2
       3
       1
       2
       7
       3
       5
       2
       2
       4
       0
       0
       5
       3
       3
       1
       1
       4
       3
       1
       5
       1
       5
       3
       2
       2
       4
       4
       2
       3
       1
       1
       2
       3
       0
       1
       2
       2
       6
       7
       3
       2
       1
       4
       2
       1
       6
       4
       2
       4
       1
       4
       2
       3
       3
       2
       0
       0
       1
       5
       2
       2
       3
       3
       1
       0
       0
       3
       2
       1
       2
       2
       6
       0
       2
       4
       3
       3
       3
       3
       1
       1
       4
       4
       0
       2
       4
       2
       1
       1
       0
       7
       2
       2
       2
       2
       2
       3
       4
       0
       5
       1
       4
       0
       2
       2
       1
       2
       4
       4
       1
       1
       1
       1
       2
       4
       2
       2
       1
       0
       1
       1
       4
       1
       1
       0
       3
       1
       1
       3
       4
       4
       0
       3
       3
       2
       3
       4
       1
       5
       1
       3
       3
       2
       2
       4
       3
       4
       0
       2
       4
       1
       1
       2
       4
       1
       0
       3
       1
       1
       4
       2
       4
       4
       5
       1
       2
       2
       1
       1
       3
       4
       3
       3
       1
       1
       2
       2
       1
       1
       4
       0
       1
       3
       6
       2
       1
       2
       2
       2
       2
       3
       3
       1
       2
       1
       1
       2
       2
       3
       2
       2
       2
       1
       2
       1
       6
       1
       0
       4
       3
       2
       3
       2
       2
       1
       1
       5
       2
       2
       2
       2
       2
       2
       1
       3
       3
       2
       2
       3
       1
       4
       1
       3
       1
       1
       2
       6
       3
       3
       3
       5
       1
       1
       4
       0
       1
       1
       2
       3
       3
       2
       1
       1
       4
       0
       5
       2
       3
       4
       1
       4
       4
       1
       1
       1
       5
       0
       2
       5
       1
       2
       1
       4
       0
       1
       2
       1
       1
       1
       3
       5
       1
       5
       2
       3
       6
       3
       1
       1
       1
       0
       1
       4
       4
       2
       4
       3
       0
       2
       1
       2
       2
       2
       4
       1
       1
       0
       4
       3
       1
       2
       0
       4
       2
       2
       2
       2
       4
       2
       2
       2
       1
       1
       2
       1
       3
       0
       7
       2
       3
       1
       2
       4
       1
       7
       2
       5
       2
       1
       3
       0
       0
       1
       1
       1
       1
       4
       0
       1
       1
       2
       1
       2
       2
       2
       1
       1
       2
       1
       1
       1
       1
       1
       4
       3
       2
       1
       2
       0
       1
       0
       1
       3
       2
       2
       1
       4
       2
       3
       2
       4
       2
       2
       3
       1
       2
       2
       0
       3
       1
       3
       0
       0
       5
       3
       3
       0
       4
       3
       1
       1
       4
       3
       0
       2
       2
       2
       4
       2
       1
       0
       3
       1
       1
       1
       2
       4
       0
       4
       2
       0
       2
       2
       2
       5
       2
       1
       0
       6
       1
       0
       0
       4
       4
       0
       1
       1
       1
       1
       0
       4
       1
       8
       6
       2
       4
       1
       0
       3
       3
       1
       3
       3
       1
       6
       0
       1
       2
       0
       4
       2
       2
       3
       1
       3
       3
       5
       0
       0
       0
       2
       2
       2
       1
       0
       2
       3
       1
       3
       0
       2
       2
       1
       0
       1
       5
       5
       1
       4
       1
       2
       1
       3
       2
       3
       2
       1
       5
       3
       2
       2
       0
       3
       1
       3
       2
       5
       3
       2
       1
       3
       1
       1
       2
       2
       1
       0
       3
       3
       3
       0
       3
       0
       2
       3
       2
       1
       1
       1
       2
       2
       1
       1
       2
       2
       1
       1
       2
       1
       4
       0
       1
       3
       0
       5
       0
       0
       4
       1
       2
       2
       2
       2
       0
       1
       2
       1
       1
       2
       2
       1
       1
       0
       3
       1
       2
       2
       1
       1
       0
       1
       0
       2
       3
       2
       2
       2
       1
       1
       1
       0
       1
       0
       1
       0
       0
       2
       3
       0
       2
       2
       1
       3
       2
       1
       1
       0
       2
       2
       2
       0
       0
       4
       1
       0
       2
       1
       2
       0
       2
       2
       0
       4
       2
       4
       2
       1
       2
       1
       2
       1
       2
       1
       1
       1
       2
       1
       0
       0
       0
       1
       2
       1
       0
       2
       0
       1
       1
       2
       3
       2
       1
       1
       1
       0
       2
       2
       0
       1
       3
       0
       1
       3
       1
       2
       2
       2
       3
       2
       2
       0
       1
       0
       1
       3
       3
       1
       4
       2
       4
       0
       2
       1
       0
       0
       1
       1
       3
       4
       0
       0
       2
       1
       1
       0
       1
       2
       0
       1
       4
       1
       1
       3
       2
       1
       1
       0
       1
       1
       0
       1
       1
       0
       1
       2
       2
       3
       1
       1
       1
       0
       1
       3
       0
       1
       1
       0
       3
       2
       0
       0
       2
       2
       0
       1
       3
       0
       1
       0
       0
       0
       2
       0
       4
       2
       1
       2
       3
       1
       1
       0
       1
       2
       4
       0
       1
       2
       1
       2
       1
       1
       3
       0
       1
       1
       0
       2
       2
       0
       2
       0
       1
       0
       1
       2
       1
       1
       0
       1
       0
       2
       3
       2
       1
       0
       0
       1
       0
       1
       1
       1
       1
       1
       2
       0
       1
       1
       0
       0
       0
       1
       2
       2
       0
       2
       0
       0
       1
       3
       1
       2
       0
       3
       1
       0
       0
       2
       2
       1
       1
       0
       4
       1
       0
       0
       0
       0
       0
       0
       0
       0
       0
       0
       0
       0
       0
       0
       0
       0
       0
       0
       0
       0
       0
       0
       0
       0
       0
       0
       0
       0
       0
       0
       0
       0
       0
       0
       0
       0
       0
       0
       0
       0
       0
       0
       0
       0
       0
       0
       0
       0
       0
       0
       0
       0
       0
       0
       0
       0
       0
       0
       0
       0
       0
       0
       0
       0
       0
       0
       0
       0
$ROI:
0
$PRESETS:
Live Time
1127
0
$ENER_FIT:
-1.026383 0.465443
$MCA_CAL:
3
-1.026383E+000 4.654429E-001 1.540903E-004 keV
$SHAPE_CAL:
3
0.000000E+000 0.000000E+000 0.000000E+000
