$SPEC_ID:
none
$SPEC_REM:
DET# 1
DETDESC# Donnie Sheehan III - Easy-MCA-2k SN 14163589
AP# Maestro Version 7.01
$DATE_MEA:
10/04/2022 15:21:56
$MEAS_TIM:
300 300
$DATA:
0 2047
       0
       0
       0
       0
       0
       0
       0
       0
       0
       0
       0
       0
       0
       0
       0
       0
       0
       0
       0
       0
       0
       0
       0
       0
       0
       0
       0
       0
       0
       0
       0
       0
       0
       0
       0
       0
       0
       0
       0
       1
       2
       5
       3
       7
       5
       4
       7
       4
       5
       8
       1
       6
      10
       1
      11
       4
       3
       7
       5
      10
       8
       8
      13
       9
      11
      13
       8
       7
      10
       6
       2
       3
      11
       8
       8
       4
       9
       5
       8
       8
      10
       4
       8
       6
       5
       9
      10
       4
      12
      10
       9
      10
       7
       9
       6
       8
      10
       9
      14
       4
      13
       9
       7
      11
      10
       5
       8
       5
      14
      14
      11
      16
       3
      13
      12
      10
       7
      13
      11
       4
      10
      11
       9
      17
      11
       5
      10
      18
      14
      17
      12
      10
      16
      15
      21
      22
      20
      22
      21
      18
      23
      23
      25
      20
      28
      23
      22
      26
      34
      39
      40
      39
      28
      35
      26
      34
      36
      23
      29
      27
      42
      30
      23
      32
      24
      30
      21
      31
      34
      21
      30
      25
      28
      27
      29
      29
      36
      28
      27
      32
      25
      22
      22
      16
      24
      37
      27
      18
      34
      25
      29
      23
      30
      25
      28
      30
      26
      24
      20
      30
      26
      23
      26
      22
      14
      33
      18
      37
      21
      24
      34
      25
      39
      33
      29
      27
      21
      27
      25
      30
      16
      23
      20
      30
      33
      27
      36
      29
      22
      28
      21
      26
      20
      22
      30
      33
      26
      19
      32
      28
      22
      20
      22
      20
      30
      30
      25
      24
      21
      33
      31
      24
      29
      26
      24
      21
      27
      30
      16
      30
      31
      29
      22
      19
      24
      28
      17
      44
      22
      38
      19
      22
      24
      31
      18
      21
      27
      26
      23
      23
      25
      21
      21
      31
      29
      15
      26
      25
      20
      23
      27
      17
      31
      31
      22
      23
      23
      30
      21
      27
      25
      19
      22
      17
      27
      18
      22
      28
      42
      24
      17
      16
      19
      13
      25
      22
      24
      23
      22
      25
      20
      24
      17
      28
      28
      19
      16
      26
      22
      16
      16
      24
      15
      17
      19
      24
      17
      23
      17
      16
      14
      19
      23
      17
      15
      18
      13
      25
      22
      33
      14
      25
      18
      21
      16
      25
      17
      12
      16
      28
      19
      15
      22
      21
      19
      25
      13
      16
      15
      20
      17
      18
      13
      14
      17
      19
      19
      21
      18
      18
      18
      17
      13
      19
      12
      30
      11
      19
      13
      21
      22
      19
      19
      27
      18
      24
      20
      22
      23
      16
      11
      13
      21
      19
      16
      14
      22
      26
      16
      17
      24
      20
      20
      23
      23
      13
      27
      18
      13
      22
      30
      24
      17
      24
      25
      19
      18
      21
      27
      23
      29
      22
      15
      29
      21
      18
      24
      18
      39
      24
      26
      23
      30
      26
      14
      28
      29
      27
      23
      26
      29
      35
      27
      32
      36
      30
      34
      32
      30
      32
      41
      34
      30
      31
      31
      38
      45
      31
      33
      38
      28
      24
      30
      32
      28
      32
      37
      38
      32
      32
      35
      25
      29
      37
      36
      31
      26
      41
      24
      32
      19
      23
      23
      28
      18
      25
      25
      23
      20
      26
      22
      23
      28
      31
      22
      25
      23
      23
      19
      11
      23
      22
      19
      25
      21
      19
      18
      16
      24
      18
      18
      23
      15
       8
      26
      10
      17
      23
      16
      14
       9
      12
      13
       7
      18
      15
      17
      10
      16
       8
      16
      13
      20
      10
      13
      15
       9
      15
       8
      12
      10
      15
      13
      15
      12
       7
      10
       9
      14
      10
      14
      11
      14
       9
      16
       8
      12
       8
       5
       8
      11
      10
       9
       9
      12
       7
       5
      12
      10
      12
      13
       4
      10
      10
       8
       9
       9
       5
      10
      19
       5
      11
       8
       8
       9
       5
       5
       8
       6
       9
       6
       7
      10
       6
       5
      10
      10
       3
       5
       6
       5
       5
       9
       4
       3
      10
       6
       8
      12
      12
       7
       5
       7
       5
       7
       7
      10
       4
       3
       2
       2
      11
       5
       2
       6
       4
       2
      15
       3
       4
       9
       5
       2
       7
       3
       6
       4
       6
       9
       5
       8
       5
       2
       3
       6
       4
       7
       4
       5
       1
       2
       7
       6
       3
       7
       2
       1
       8
       7
       9
       5
       5
       8
       6
       4
       9
       5
       6
       3
       4
       8
       5
      10
       4
       3
       3
       4
       9
       2
       4
       3
       6
       5
       5
       8
       6
       3
       6
       5
       2
       4
       3
       7
       5
       3
       4
       6
       3
       6
       3
       3
       4
       1
       7
       3
       4
       2
       3
       6
       1
       7
       1
       0
       8
       0
       5
       4
       3
       3
       3
       4
       3
       2
       4
       6
       3
       4
       8
       4
      10
       7
       3
       8
       5
       8
       2
       5
       4
       2
       3
       3
       1
       4
       4
       6
      11
       5
       5
       4
       3
       7
       4
       3
       1
       5
       3
       2
       2
       8
       5
       0
       2
       5
       9
       5
       1
       3
       8
       3
       4
       8
      12
       3
       9
       6
       6
       3
       9
       7
       5
       3
       2
       4
       2
       4
       3
       2
       2
       6
       2
       8
       5
       2
       4
       4
       2
       2
       4
       5
       4
       4
       9
       6
       1
       4
       2
       2
       4
       9
       1
       1
       2
       4
       1
       4
       4
       3
       7
       6
       5
       2
       8
       6
       1
       2
       6
       8
       4
       1
       6
       1
       4
       6
       5
       6
       4
       2
       5
       2
       3
       3
       3
       5
       7
       7
       5
       3
       3
       3
       5
       2
       8
       4
       1
       1
       4
       2
       4
       3
       7
       5
       6
       3
       7
       6
       5
       3
       2
       4
       5
       9
       5
       2
       5
       5
       3
       5
       3
       6
       3
       9
       2
       5
       8
       3
       6
       4
       5
       3
       3
       3
       3
       8
       2
       5
       5
       9
       3
       5
       6
       5
       4
       2
       1
       6
       6
       4
       4
       3
       3
       5
       8
       5
       4
       2
       3
       5
       4
       2
      10
       5
       2
       3
       7
       2
       2
       4
       4
       9
       7
       3
       1
       4
       4
       3
       4
       7
       2
       4
       4
       4
       2
       4
       4
       6
       3
       6
       9
       5
       2
       5
       5
       3
       2
       6
       5
       3
       1
       5
       6
       4
       2
       5
       7
       3
       3
       5
       6
       3
       2
       4
       4
       5
       3
       2
       7
       7
       3
       6
       4
       2
       2
       4
       6
       7
       5
       2
       0
       6
       5
       3
       6
       4
       6
       3
       5
       4
       4
       4
       5
       2
       3
       2
       3
       5
       5
       4
       5
       3
       1
       5
       6
       4
       1
       6
       4
       2
       3
       2
       4
       4
       4
       3
       3
       5
       3
       2
       2
       6
       1
       5
       1
       2
       2
       3
       6
       4
       4
       7
       5
       2
       3
       7
       1
       5
       6
       7
       1
       5
       4
       3
       5
       3
       5
       6
       2
       4
       0
       5
       6
       5
       2
       2
       4
       4
       4
       0
       3
       4
       2
       3
       5
       1
       2
       5
       6
       1
       3
       3
       1
       2
       4
       2
       5
       0
       3
       3
       1
       5
       4
       0
       4
       3
       2
       1
       3
       5
       3
       2
       5
       5
       1
       6
       2
       4
       5
       4
       3
       4
       7
       1
       3
       3
       1
       3
       2
       2
       2
       1
       4
       2
       3
       2
       4
       3
       3
       2
       1
       5
       3
       1
       3
       2
       4
       5
       0
       3
       2
       2
       0
       1
       2
       2
       2
       2
       4
       3
       4
       4
       2
       2
       3
       1
       3
       4
       1
       0
       4
       5
       6
       1
       2
       1
       1
       4
       0
       1
       3
       5
       2
       0
       3
       2
       2
       2
       4
       2
       4
       1
       2
       1
       4
       4
       4
       2
       1
       5
       2
       1
       6
       2
       3
       3
       2
       5
       2
       1
       4
       1
       4
       0
       2
       3
       4
       2
       3
       2
       1
       4
       2
       3
       2
       2
       1
       3
       1
       7
       0
       2
       1
       1
       2
       6
       2
       2
       1
       0
       5
       3
       3
       2
       0
       1
       2
       3
       1
       4
       2
       1
       3
       1
       0
       2
       2
       2
       6
       4
       8
       1
       1
       0
       2
       2
       2
       1
       2
       0
       5
       2
       3
       0
       4
       2
       2
       3
       4
       4
       4
       1
       3
       1
       2
       3
       2
       2
       2
       0
       2
       3
       4
       1
       2
       2
       4
       1
       2
       3
       2
       2
       3
       3
       5
       1
       2
       6
       3
       2
       0
       1
       5
       3
       2
       0
       1
       5
       2
       1
       1
       2
       6
       2
       4
       3
       3
       3
       2
       3
       3
       2
       4
       5
       2
       5
       4
       0
       2
       0
       0
       4
       4
       0
       2
       3
       6
       3
       3
       2
       2
       4
       4
       2
       4
       5
       0
       4
       2
       4
       3
       2
       2
       1
       1
       2
       2
       4
       2
       2
       1
       2
       5
       0
       3
       2
       0
       3
       0
       0
       1
       2
       1
       3
       1
       3
       2
       3
       3
       3
       1
       1
       2
       3
       2
       1
       2
       4
       0
       4
       3
       1
       1
       4
       3
       3
       3
       6
       2
       1
       2
       6
       2
       2
       5
       1
       3
       0
       4
       2
       3
       0
       3
       2
       3
       4
       3
       2
       5
       0
       3
       2
       3
       1
       4
       2
       1
       1
       3
       4
       1
       4
       5
       2
       2
       3
       3
       3
       3
       2
       1
       1
       1
       0
       2
       3
       2
       1
       3
       2
       4
       0
       3
       7
       3
       2
       4
       2
       2
       0
       2
       5
       4
       1
       1
       3
       2
       2
       2
       1
       1
       1
       2
       1
       3
       4
       5
       1
       4
       4
       0
       3
       1
       2
       3
       1
       1
       2
       5
       1
       3
       4
       2
       4
       2
       1
       1
       2
       4
       0
       3
       1
       4
       0
       1
       1
       2
       5
       2
       0
       2
       2
       1
       2
       5
       3
       6
       2
       4
       2
       3
       2
       4
       0
       0
       2
       2
       2
       1
       1
       4
       2
       7
       4
       2
       1
       1
       1
       3
       1
       0
       1
       3
       2
       5
       2
       3
       1
       3
       2
       1
       1
       5
       1
       0
       1
       3
       4
       4
       3
       3
       1
       3
       4
       1
       3
       4
       0
       3
       1
       1
       2
       2
       4
       2
       3
       1
       6
       0
       0
       0
       4
       0
       3
       2
       3
       2
       3
       4
       1
       1
       2
       1
       4
       1
       1
       1
       2
       1
       1
       0
       2
       2
       0
       4
       1
       1
       1
       1
       2
       1
       3
       3
       1
       0
       0
       1
       3
       4
       0
       2
       3
       3
       2
       3
       2
       2
       4
       5
       4
       0
       3
       1
       1
       1
       2
       1
       2
       1
       5
       2
       3
       1
       1
       3
       4
       2
       0
       4
       1
       4
       2
       2
       1
       2
       1
       5
       2
       1
       2
       4
       2
       4
       0
       1
       4
       0
       1
       3
       1
       0
       2
       2
       2
       3
       0
       4
       1
       1
       2
       1
       1
       1
       3
       2
       5
       5
       3
       2
       1
       4
       5
       1
       1
       1
       3
       2
       4
       0
       4
       1
       2
       5
       0
       1
       4
       5
       1
       3
       4
       2
       3
       4
       1
       1
       2
       1
       1
       2
       0
       1
       2
       2
       1
       0
       2
       1
       2
       0
       4
       2
       1
       2
       0
       0
       5
       2
       3
       1
       4
       3
       2
       0
       2
       1
       1
       1
       1
       0
       0
       0
       3
       0
       1
       2
       1
       2
       2
       1
       1
       1
       3
       1
       0
       1
       0
       1
       0
       2
       2
       2
       4
       2
       1
       1
       4
       0
       0
       2
       1
       3
       1
       0
       0
       0
       2
       1
       3
       1
       0
       1
       3
       0
       0
       2
       1
       0
       1
       1
       1
       0
       0
       2
       0
       1
       0
       1
       1
       0
       0
       1
       1
       1
       0
       0
       0
       0
       1
       1
       4
       0
       3
       1
       1
       2
       1
       2
       0
       1
       1
       2
       0
       2
       2
       1
       0
       1
       0
       3
       1
       1
       0
       1
       1
       2
       1
       2
       2
       0
       0
       1
       2
       1
       0
       2
       0
       2
       1
       0
       1
       3
       1
       2
       0
       0
       1
       3
       1
       1
       2
       1
       1
       2
       1
       2
       1
       2
       1
       0
       2
       1
       1
       2
       4
       1
       1
       2
       1
       1
       1
       0
       1
       1
       0
       1
       2
       1
       1
       0
       0
       2
       1
       0
       0
       0
       1
       4
       1
       0
       0
       2
       1
       2
       2
       2
       0
       0
       1
       2
       5
       2
       2
       1
       2
       2
       3
       1
       2
       4
       1
       1
       0
       1
       1
       2
       3
       0
       0
       1
       1
       0
       4
       0
       0
       0
       0
       0
       1
       3
       2
       3
       1
       2
       3
       0
       2
       1
       2
       3
       0
       1
       0
       1
       2
       2
       1
       3
       4
       0
       2
       0
       1
       1
       1
       0
       0
       0
       0
       0
       0
       0
       0
       0
       0
       0
       0
       0
       0
       0
       0
       0
       0
       0
       0
       0
       0
       0
       0
       0
       0
       0
       0
       0
       0
       0
       0
       0
       0
       0
       0
       0
       0
       0
       0
       0
       0
       0
       0
       0
       0
       0
       0
       0
       0
       0
       0
       0
       0
       0
       0
       0
       0
       0
       0
       0
       0
       0
       0
       0
       0
       0
$ROI:
0
$PRESETS:
Live Time
1127
0
$ENER_FIT:
-1.026383 0.465443
$MCA_CAL:
3
-1.026383E+000 4.654429E-001 1.540903E-004 keV
$SHAPE_CAL:
3
0.000000E+000 0.000000E+000 0.000000E+000
