$SPEC_ID:
none
$SPEC_REM:
DET# 1
DETDESC# Donnie Sheehan III - Easy-MCA-2k SN 14163589
AP# Maestro Version 7.01
$DATE_MEA:
10/04/2022 14:14:11
$MEAS_TIM:
300 300
$DATA:
0 2047
       0
       0
       0
       0
       0
       0
       0
       0
       0
       0
       0
       0
       0
       0
       0
       0
       0
       0
       0
       0
       0
       0
       0
       0
       0
       0
       0
       0
       0
       0
       0
       0
       0
       0
       0
       0
       0
       0
       0
       7
      18
      24
      24
      28
      24
      25
      29
      27
      27
      39
      29
      26
      24
      42
      25
      25
      35
      25
      38
      26
      42
      28
      30
      35
      35
      34
      39
      26
      26
      30
      38
      36
      26
      25
      30
      33
      20
      34
      35
      34
      37
      36
      44
      35
      47
      45
      49
      42
      36
      27
      57
      38
      52
      38
      35
      48
      56
      32
      49
      39
      35
      36
      43
      47
      35
      36
      37
      38
      41
      46
      41
      41
      35
      41
      42
      29
      39
      35
      44
      58
      56
      55
      40
      45
      50
      58
      53
      64
      78
      68
      66
      76
      90
      91
      94
      97
      96
     110
     132
     148
     155
     164
     143
     163
     162
     166
     187
     171
     161
     158
     167
     157
     162
     164
     156
     144
     131
     128
     127
     115
     139
     111
     111
     121
     128
     123
      98
      94
     110
     109
      94
      77
      85
      84
      87
      79
      77
      77
      65
      67
      68
      66
      60
      53
      56
      47
      63
      61
      70
      50
      63
      66
      48
      57
      59
      58
      51
      78
      42
      58
      65
      62
      48
      52
      64
      60
      57
      53
      74
      65
      56
      56
      47
      57
      63
      52
      51
      71
      45
      48
      48
      65
      74
      55
      61
      60
      48
      55
      47
      62
      64
      54
      65
      65
      63
      58
      59
      36
      57
      61
      58
      40
      50
      59
      66
      53
      54
      73
      55
      52
      53
      54
      59
      63
      41
      56
      49
      64
      60
      57
      59
      74
      61
      58
      50
      53
      68
      71
      66
      63
      58
      54
      55
      49
      74
      52
      46
      75
      63
      54
      65
      64
      61
      59
      60
      51
      57
      51
      59
      42
      62
      43
      58
      59
      55
      49
      66
      55
      66
      66
      64
      64
      56
      63
      56
      82
      65
      78
      73
      59
      67
      57
      69
      63
      70
      65
      69
      70
      59
      75
      60
      64
      61
      79
      62
      66
      56
      70
      68
      72
      78
      83
      65
      76
      62
      77
      71
      76
      68
      62
      60
      74
      68
      74
      74
      76
      68
      63
      89
      83
      64
      65
      77
      89
      83
      82
      77
      88
      77
      70
      72
      77
      86
      61
      51
      96
      69
      75
     101
      85
      98
      71
      79
      84
      81
      83
      82
      68
      81
      85
      82
      66
      73
      63
      84
      82
      88
      64
      66
      79
      62
      78
      89
      74
      59
      70
      90
      71
      62
      72
      70
      72
      68
      71
      78
      79
      60
      66
      72
      66
      92
      67
      74
      80
      62
      69
      66
      73
      61
      71
      79
      82
      67
      58
      70
      85
      63
      70
      68
      62
      65
      51
      77
      52
      60
      71
      76
      54
      59
      60
      71
      67
      74
      55
      51
      63
      63
      63
      60
      76
      66
      65
      55
      58
      48
      57
      64
      69
      80
      62
      72
      63
      46
      50
      53
      67
      81
      45
      61
      68
      55
      69
      67
      63
      76
      57
      52
      58
      56
      56
      57
      44
      58
      49
      62
      77
      65
      66
      50
      61
      70
      42
      62
      62
      65
      76
      55
      53
      60
      55
      57
      60
      52
      56
      47
      75
      46
      53
      60
      51
      56
      65
      64
      64
      49
      66
      52
      61
      69
      50
      54
      64
      64
      58
      73
      78
      66
      54
      65
      60
      56
      45
      35
      51
      57
      54
      50
      65
      52
      60
      50
      60
      77
      49
      43
      72
      64
      58
      59
      65
      55
      54
      63
      57
      58
      49
      61
      57
      55
      45
      52
      55
      54
      68
      66
      62
      65
      65
      52
      63
      43
      59
      55
      48
      65
      65
      52
      63
      57
      58
      47
      51
      52
      67
      55
      55
      46
      53
      53
      61
      55
      48
      52
      58
      60
      57
      65
      53
      56
      51
      50
      56
      52
      60
      54
      51
      69
      62
      53
      63
      61
      56
      63
      59
      55
      60
      48
      71
      47
      54
      61
      49
      49
      50
      54
      47
      48
      64
      56
      45
      65
      46
      58
      44
      57
      60
      60
      59
      72
      58
      60
      51
      68
      63
      57
      46
      56
      54
      59
      63
      42
      55
      62
      64
      59
      48
      44
      44
      68
      56
      46
      56
      44
      48
      67
      61
      41
      66
      52
      51
      56
      57
      50
      61
      59
      51
      67
      49
      43
      58
      59
      54
      56
      62
      73
      50
      44
      51
      45
      56
      45
      48
      46
      49
      52
      50
      57
      58
      52
      58
      55
      53
      41
      57
      46
      63
      56
      54
      62
      51
      53
      46
      47
      34
      53
      50
      46
      48
      52
      45
      47
      49
      43
      27
      49
      40
      49
      42
      57
      47
      42
      39
      58
      49
      48
      48
      56
      40
      52
      42
      52
      43
      50
      55
      51
      47
      51
      47
      56
      39
      39
      48
      47
      51
      42
      29
      37
      37
      33
      41
      39
      42
      41
      40
      37
      43
      47
      46
      38
      42
      53
      36
      33
      39
      46
      45
      42
      51
      52
      42
      38
      42
      49
      37
      37
      43
      32
      37
      44
      40
      45
      37
      49
      33
      24
      32
      42
      30
      32
      30
      43
      52
      33
      48
      35
      39
      35
      36
      34
      33
      47
      34
      27
      28
      32
      38
      36
      37
      34
      31
      47
      42
      50
      44
      45
      45
      35
      46
      41
      47
      39
      44
      40
      39
      38
      43
      46
      46
      39
      33
      46
      44
      42
      32
      46
      43
      43
      32
      48
      47
      40
      44
      50
      47
      53
      44
      38
      32
      58
      49
      50
      45
      42
      47
      51
      35
      46
      37
      45
      54
      63
      38
      48
      50
      41
      40
      36
      51
      49
      50
      49
      42
      44
      45
      50
      62
      47
      49
      63
      52
      77
      59
      39
      48
      49
      64
      50
      51
      48
      55
      55
      60
      44
      53
      60
      56
      67
      64
      62
      59
      66
      50
      58
      63
      55
      68
      48
      66
      63
      55
      56
      64
      74
      52
      56
      54
      66
      49
      47
      79
      46
      59
      61
      54
      78
      58
      60
      68
      54
      55
      57
      68
      67
      67
      59
      67
      68
      79
      78
      69
      60
      65
      67
      79
      73
      90
      70
      77
      65
      92
      89
      67
      87
      79
      84
      92
      86
      93
      92
      88
      85
      99
      76
      79
      86
      99
      83
      80
      98
     112
      96
     105
      93
      97
     101
      85
     121
     116
     104
     105
     101
     102
      91
     111
     117
     109
     100
     107
     104
     119
      96
     108
     117
     103
      91
     103
      97
      96
     101
      99
     115
      94
      80
      97
     100
      74
      75
      98
      92
     102
     102
      84
      87
      87
      89
      80
      66
      64
      69
      83
      84
      76
      61
      71
      78
      53
      55
      61
      60
      75
      59
      51
      50
      52
      59
      44
      53
      49
      39
      54
      46
      58
      41
      51
      44
      49
      43
      48
      47
      35
      55
      42
      31
      26
      26
      42
      34
      29
      32
      31
      25
      28
      38
      30
      34
      22
      26
      25
      27
      27
      19
      23
      29
      25
      25
      18
      20
      18
      17
      19
      14
      26
      17
      14
      20
      20
      17
      16
      12
      19
      15
      10
      23
      10
      15
      12
      18
      14
      14
      12
      12
       9
       6
       9
      10
      11
      14
      11
      10
      11
       8
      11
       3
       4
       3
      10
       8
       3
      10
       9
       8
       9
      11
       7
       3
       8
       7
       4
       7
       5
       8
       4
       7
       5
       3
       3
       8
       6
       3
       4
       3
       4
       6
       1
       5
       4
       3
       2
       4
       5
       5
       5
       6
       4
       2
       4
       3
       3
       7
       4
       4
       7
       3
       8
       3
       6
       7
       4
       0
       3
       2
       3
       2
       5
       3
       3
       3
       3
       3
       1
       1
       7
       1
       1
       4
       4
       2
       3
       2
       1
       2
       3
       3
       4
       1
       2
       4
       3
       4
       3
       6
       5
       1
       2
       4
       4
       3
       3
       3
       2
       2
       1
       6
       2
       3
       2
       4
       2
       1
       5
       2
       0
       3
       2
       5
       2
       3
       1
       1
       1
       3
       0
       2
       2
       2
       0
       6
       2
       4
       1
       1
       1
       5
       6
       2
       1
       0
       5
       3
       2
       1
       0
       3
       0
       3
       3
       2
       3
       0
       2
       3
       1
       2
       2
       1
       3
       0
       3
       2
       1
       3
       1
       0
       1
       3
       0
       0
       0
       1
       0
       1
       2
       1
       5
       3
       1
       1
       3
       2
       2
       3
       0
       2
       1
       1
       2
       3
       0
       4
       2
       1
       3
       4
       2
       0
       3
       4
       1
       1
       3
       0
       2
       4
       3
       2
       2
       1
       3
       1
       2
       3
       1
       0
       1
       3
       4
       5
       1
       1
       6
       5
       0
       6
       0
       1
       1
       2
       5
       3
       3
       0
       1
       1
       3
       6
       2
       3
       2
       1
       3
       0
       3
       2
       2
       2
       1
       0
       4
       1
       2
       0
       2
       1
       3
       2
       3
       3
       2
       2
       2
       7
       3
       2
       3
       1
       2
       1
       3
       2
       2
       1
       3
       3
       1
       2
       6
       5
       2
       2
       4
       1
       3
       3
       1
       1
       3
       1
       1
       4
       1
       3
       1
       1
       4
       2
       3
       2
       1
       1
       2
       1
       3
       2
       3
       0
       1
       2
       0
       1
       2
       2
       4
       1
       2
       2
       3
       4
       3
       3
       1
       4
       0
       1
       1
       7
       2
       1
       7
       1
       5
       4
       3
       3
       2
       4
       2
       4
       2
       3
       1
       3
       3
       2
       2
       2
       2
       1
       0
       1
       1
       2
       2
       2
       6
       0
       1
       2
       3
       5
       2
       6
       3
       1
       2
       2
       1
       4
       3
       2
       1
       1
       4
       3
       2
       0
       2
       2
       1
       3
       2
       3
       0
       1
       4
       1
       1
       3
       1
       2
       3
       4
       2
       1
       3
       1
       4
       2
       0
       1
       0
       5
       2
       0
       2
       3
       5
       1
       3
       4
       2
       5
       1
       2
       3
       1
       3
       4
       5
       2
       2
       3
       2
       3
       3
       2
       3
       2
       2
       4
       0
       2
       0
       1
       5
       1
       1
       4
       0
       3
       1
       2
       1
       1
       2
       0
       5
       1
       4
       4
       5
       1
       4
       1
       1
       1
       2
       2
       6
       3
       1
       2
       2
       3
       3
       2
       3
       2
       1
       0
       3
       1
       4
       4
       4
       4
       4
       1
       3
       3
       2
       2
       4
       3
       3
       2
       1
       1
       2
       2
       3
       1
       2
       1
       0
       2
       5
       4
       0
       1
       2
       4
       1
       1
       1
       4
       4
       1
       0
       3
       1
       5
       1
       2
       1
       3
       1
       1
       2
       2
       3
       0
       1
       3
       5
       1
       0
       2
       2
       0
       1
       2
       0
       3
       2
       2
       1
       1
       6
       1
       4
       1
       0
       3
       6
       2
       3
       3
       4
       0
       1
       2
       0
       1
       0
       0
       1
       1
       1
       3
       1
       2
       3
       2
       2
       1
       2
       3
       1
       3
       3
       1
       3
       2
       1
       1
       1
       4
       2
       1
       3
       1
       1
       4
       5
       1
       4
       3
       4
       1
       3
       2
       1
       1
       3
       2
       2
       0
       1
       2
       0
       1
       2
       1
       1
       1
       1
       2
       3
       2
       3
       2
       2
       0
       1
       1
       1
       3
       3
       0
       0
       0
       6
       3
       1
       2
       1
       2
       1
       1
       3
       2
       2
       0
       1
       2
       3
       1
       0
       3
       2
       3
       2
       0
       1
       1
       0
       1
       0
       2
       3
       1
       1
       0
       1
       2
       1
       1
       0
       1
       1
       4
       1
       3
       2
       4
       1
       0
       1
       0
       2
       2
       1
       1
       3
       2
       0
       1
       2
       0
       0
       1
       1
       2
       2
       2
       1
       1
       3
       1
       0
       1
       1
       2
       0
       2
       0
       1
       0
       2
       0
       0
       0
       2
       1
       0
       2
       1
       2
       0
       0
       1
       1
       1
       4
       0
       1
       1
       0
       1
       1
       0
       1
       1
       3
       0
       2
       0
       2
       1
       1
       2
       1
       2
       1
       0
       1
       2
       0
       0
       0
       0
       2
       0
       1
       1
       5
       0
       1
       1
       4
       2
       3
       1
       1
       1
       2
       1
       2
       1
       2
       2
       2
       1
       4
       4
       0
       0
       0
       0
       1
       0
       2
       1
       2
       0
       0
       1
       2
       4
       0
       1
       1
       0
       0
       2
       0
       0
       1
       2
       1
       4
       0
       2
       0
       3
       1
       0
       2
       1
       0
       2
       2
       1
       1
       1
       3
       1
       2
       1
       0
       1
       2
       5
       2
       1
       2
       3
       1
       2
       1
       5
       2
       2
       1
       0
       4
       3
       1
       1
       2
       1
       2
       1
       3
       1
       5
       0
       1
       2
       0
       0
       1
       0
       2
       3
       0
       2
       6
       2
       1
       2
       1
       2
       0
       1
       2
       0
       1
       2
       0
       0
       0
       0
       0
       0
       0
       0
       0
       0
       0
       0
       0
       0
       0
       0
       0
       0
       0
       0
       0
       0
       0
       0
       0
       0
       0
       0
       0
       0
       0
       0
       0
       0
       0
       0
       0
       0
       0
       0
       0
       0
       0
       0
       0
       0
       0
       0
       0
       0
       0
       0
       0
       0
       0
       0
       0
       0
       0
       0
       0
       0
       0
       0
       0
       0
       0
       0
       0
$ROI:
0
$PRESETS:
Live Time
1127
0
$ENER_FIT:
-1.026383 0.465443
$MCA_CAL:
3
-1.026383E+000 4.654429E-001 1.540903E-004 keV
$SHAPE_CAL:
3
0.000000E+000 0.000000E+000 0.000000E+000
