$SPEC_ID:
none
$SPEC_REM:
DET# 1
DETDESC# Donnie Sheehan III - Easy-MCA-2k SN 14163589
AP# Maestro Version 7.01
$DATE_MEA:
10/04/2022 14:26:30
$MEAS_TIM:
301 301
$DATA:
0 2047
       0
       0
       0
       0
       0
       0
       0
       0
       0
       0
       0
       0
       0
       0
       0
       0
       0
       0
       0
       0
       0
       0
       0
       0
       0
       0
       0
       0
       0
       0
       0
       0
       0
       0
       0
       0
       0
       0
       0
       5
      13
      13
      10
      14
      18
      15
      14
      14
       6
      15
      11
      10
       9
      19
      10
       9
      12
      15
      18
      24
      22
      16
      13
      16
      23
      19
      22
      15
      20
      15
      17
      16
      14
      14
      10
      18
      14
      13
       8
      12
      13
      19
      18
      20
      21
      20
      18
      12
      24
      23
      24
      20
       8
      17
      19
      20
      16
      18
      18
      15
      15
      16
      21
      13
      23
      12
      15
      19
      17
      11
      25
      14
      17
      20
      22
      15
      20
      19
      14
      20
      20
      16
      20
      18
      27
      24
      20
      25
      21
      29
      38
      35
      31
      42
      49
      34
      45
      58
      51
      53
      53
      62
      71
      56
      73
      84
      74
      64
      82
      63
      73
      55
      74
      73
      59
      72
      56
      71
      66
      72
      49
      55
      53
      64
      67
      53
      66
      49
      52
      52
      51
      51
      43
      52
      51
      31
      50
      50
      34
      54
      37
      40
      26
      47
      40
      29
      38
      37
      36
      29
      35
      22
      40
      44
      32
      24
      32
      32
      31
      30
      32
      31
      32
      36
      29
      29
      38
      38
      28
      38
      41
      36
      32
      29
      46
      38
      30
      27
      40
      39
      37
      32
      31
      39
      36
      39
      34
      36
      33
      18
      43
      49
      27
      23
      36
      37
      38
      33
      34
      40
      34
      39
      37
      30
      26
      33
      29
      29
      39
      23
      29
      31
      41
      36
      40
      31
      31
      30
      36
      37
      33
      27
      21
      37
      33
      38
      47
      26
      30
      30
      44
      26
      30
      43
      27
      32
      32
      24
      29
      32
      31
      38
      26
      29
      27
      24
      36
      36
      30
      29
      33
      29
      47
      22
      36
      38
      24
      35
      25
      33
      36
      28
      35
      35
      30
      33
      29
      32
      22
      32
      27
      32
      19
      26
      29
      27
      32
      29
      37
      38
      30
      30
      31
      30
      29
      23
      27
      35
      36
      34
      37
      33
      35
      42
      39
      33
      24
      27
      30
      26
      30
      26
      37
      34
      39
      30
      33
      26
      24
      32
      37
      32
      43
      40
      47
      30
      33
      32
      32
      39
      29
      30
      26
      38
      34
      34
      32
      30
      28
      30
      30
      34
      33
      30
      39
      28
      28
      36
      34
      26
      27
      28
      26
      28
      35
      30
      33
      21
      37
      27
      19
      30
      32
      27
      32
      26
      28
      26
      32
      26
      26
      24
      31
      29
      29
      34
      24
      30
      33
      35
      36
      23
      36
      34
      27
      31
      21
      26
      31
      24
      24
      31
      26
      33
      24
      20
      30
      23
      28
      24
      31
      24
      33
      31
      24
      30
      29
      26
      43
      28
      31
      37
      28
      38
      29
      33
      31
      25
      35
      21
      24
      25
      43
      19
      44
      31
      29
      34
      34
      26
      26
      20
      23
      26
      23
      17
      28
      20
      26
      27
      27
      23
      30
      19
      21
      23
      27
      27
      23
      30
      26
      25
      30
      18
      19
      25
      20
      19
      26
      23
      28
      28
      25
      24
      15
      26
      26
      26
      34
      18
      21
      25
      26
      36
      40
      16
      35
      22
      25
      25
      26
      27
      25
      26
      19
      23
      24
      26
      21
      22
      21
      23
      12
      26
      20
      23
      23
      23
      40
      26
      14
      29
      26
      27
      21
      22
      33
      33
      23
      27
      24
      33
      25
      25
      22
      27
      27
      32
      27
      23
      31
      24
      19
      27
      31
      21
      23
      26
      17
      29
      24
      24
      27
      33
      27
      25
      23
      29
      16
      30
      21
      18
      25
      26
      29
      12
      28
      33
      30
      26
      20
      23
      24
      22
      21
      27
      23
      20
      30
      23
      34
      26
      22
      19
      39
      20
      30
      28
      18
      17
      28
      22
      26
      29
      25
      25
      24
      28
      31
      24
      19
      19
      23
      17
      16
      33
      29
      24
      20
      31
      18
      28
      23
      24
      29
      21
      26
      20
      21
      28
      20
      19
      24
      16
      23
      18
      14
      24
      23
      33
      19
      15
      19
      24
      26
      19
      36
      22
      16
      29
      18
      15
      21
      25
      19
      17
      19
      16
      12
      20
      19
      14
      23
      21
      17
      17
      18
      18
      26
      16
      15
      23
      21
      18
      15
      20
      34
      24
      24
      16
      25
      18
      18
      28
      21
      22
      21
      22
      22
      17
      24
      19
      24
      16
      31
      20
      16
       9
      20
      15
      20
      18
      19
      20
      26
      13
      12
      20
      22
      14
      20
      28
      13
      12
      22
      12
      14
      16
      20
      21
      31
      26
      15
      20
      29
      22
      20
      20
      24
      14
      17
      26
      19
      24
      25
      21
      16
      19
      17
      17
      16
      15
      16
      21
      23
      20
      19
      23
      14
      18
      18
      17
      23
      15
      21
      16
      23
      15
      24
      20
      22
      21
      23
      12
      24
      20
      23
      24
      19
      19
      20
      23
      20
      23
      21
      15
      21
      15
      30
      26
      32
      14
      20
      20
      24
      25
      32
      26
      25
      17
      32
      24
      27
      20
      20
      27
      17
      28
      22
      15
      21
      23
      31
      20
      26
      28
      21
      18
      27
      17
      19
      27
      30
      30
      27
      22
      27
      25
      29
      34
      27
      28
      29
      23
      33
      30
      24
      20
      24
      24
      33
      27
      29
      34
      25
      37
      33
      26
      30
      27
      29
      24
      37
      25
      31
      23
      33
      43
      44
      30
      37
      27
      32
      30
      32
      28
      29
      32
      36
      23
      35
      32
      41
      37
      40
      45
      41
      29
      38
      24
      43
      46
      36
      36
      33
      41
      40
      50
      29
      39
      33
      41
      36
      53
      34
      44
      35
      39
      50
      37
      47
      56
      44
      34
      53
      52
      47
      31
      48
      44
      42
      40
      44
      47
      44
      29
      47
      33
      47
      41
      32
      32
      34
      34
      42
      51
      43
      37
      47
      39
      36
      55
      41
      40
      36
      45
      40
      37
      39
      53
      34
      57
      39
      31
      47
      53
      33
      36
      38
      37
      45
      39
      30
      42
      28
      35
      45
      27
      45
      27
      40
      28
      31
      34
      36
      36
      22
      37
      37
      25
      36
      23
      36
      32
      39
      43
      27
      29
      36
      27
      29
      15
      31
      33
      31
      28
      26
      24
      29
      28
      30
      20
      16
      23
      17
      13
      22
      20
      31
      19
      20
      19
      22
      22
      21
      17
      25
      22
      24
      22
      18
      17
      29
      22
      24
      17
      14
      22
      18
      15
      16
      19
      17
      18
      14
      13
      11
      14
      14
      14
      13
      12
      12
      11
      16
      18
      12
      21
       9
      13
      12
      12
      13
      15
      12
      18
      12
       9
      11
       9
      15
       5
      16
       9
      18
       8
      12
       9
      12
      11
       6
      11
       6
       4
      13
       8
       6
       9
       7
      10
       7
       6
       9
       4
       6
       6
       3
       8
      10
       6
       5
      10
       4
       9
       7
       7
       4
       5
       4
       4
      11
       6
       9
       9
       5
       6
       8
       2
       7
       6
       4
       3
      10
       3
       7
       6
       5
       3
       3
       4
       7
       5
       8
       1
       2
       4
       5
       5
       1
       5
       3
       3
       2
       3
       2
       3
       2
       4
       0
       8
       3
       1
       2
       1
       1
       1
       3
       2
       1
       2
       3
       3
       2
       7
       7
       5
       5
       2
       4
       2
       2
       1
       4
       4
       2
       2
       4
       3
       4
       4
       1
       5
       1
       4
       4
       2
       3
       1
       1
       1
       6
       5
       2
       3
       4
       4
       4
       5
       0
       2
       2
       3
       2
       2
       6
       3
       1
       1
       1
       7
       1
       1
       1
       2
       5
       4
       2
       2
       1
       5
       7
       2
       0
       3
       2
       3
       5
       2
       0
       3
       3
       4
       2
       4
       0
       2
       0
       2
       2
       2
       3
       4
       4
       1
       3
       3
       4
       2
       7
       5
       1
       5
       2
       2
       0
       2
       6
       2
       3
       5
       1
       3
       3
       2
       2
       5
       1
       3
       2
       4
       1
       2
       2
       6
       1
       2
       1
       4
       3
       3
       3
       2
       6
       1
       4
       2
       1
       1
       1
       1
       3
       5
       2
       2
       0
       3
       3
       3
       3
       4
       4
       1
       6
       3
       2
       4
       5
       1
       1
       2
       3
       1
       2
       4
       2
       5
       2
       1
       4
       2
       3
       2
       2
       1
       0
       1
       1
       1
       2
       3
       1
       1
       2
       3
       2
       4
       1
       2
       4
       3
       1
       2
       1
       3
       0
       1
       3
       4
       1
       2
       2
       0
       8
       1
       0
       1
       2
       1
       1
       2
       4
       1
       0
       2
       2
       2
       2
       3
       1
       0
       7
       3
       4
       5
       2
       5
       0
       4
       3
       2
       4
       0
       0
       3
       3
       4
       4
       2
       0
       1
       4
       4
       2
       2
       4
       3
       1
       4
       0
       2
       3
       2
       2
       3
       3
       1
       1
       2
       5
       0
       0
       3
       3
       3
       5
       2
       3
       0
       2
       3
       1
       3
       3
       3
       4
       4
       6
       1
       3
       3
       1
       2
       1
       2
       3
       2
       6
       2
       4
       4
       2
       3
       0
       4
       0
       1
       1
       1
       2
       4
       0
       8
       1
       1
       1
       4
       2
       4
       2
       4
       2
       1
       2
       3
       2
       6
       1
       0
       4
       4
       0
       2
       4
       7
       0
       3
       2
       1
       2
       1
       1
       3
       2
       4
       0
       1
       0
       3
       2
       1
       2
       3
       1
       3
       2
       1
       1
       2
       1
       5
       2
       1
       2
       1
       2
       0
       1
       3
       0
       2
       1
       2
       3
       0
       4
       1
       4
       1
       0
       2
       2
       3
       0
       3
       1
       3
       4
       5
       3
       3
       3
       0
       5
       2
       0
       1
       4
       0
       1
       0
       3
       2
       3
       1
       0
       2
       1
       2
       3
       2
       1
       0
       2
       4
       1
       2
       1
       1
       2
       0
       0
       4
       1
       2
       4
       2
       4
       2
       3
       3
       2
       3
       3
       2
       3
       0
       0
       2
       0
       5
       4
       3
       2
       0
       3
       1
       3
       5
       1
       1
       2
       1
       4
       1
       3
       0
       3
       3
       1
       4
       3
       1
       0
       3
       1
       1
       0
       5
       4
       4
       3
       2
       2
       0
       3
       2
       0
       2
       0
       0
       2
       3
       2
       3
       2
       2
       0
       3
       0
       2
       7
       3
       3
       2
       3
       5
       1
       2
       2
       1
       3
       6
       3
       1
       3
       3
       1
       3
       3
       3
       0
       2
       1
       1
       5
       0
       1
       0
       0
       1
       1
       5
       3
       1
       1
       2
       2
       0
       0
       3
       1
       5
       2
       0
       1
       1
       3
       1
       0
       1
       2
       2
       2
       1
       1
       1
       1
       1
       1
       1
       1
       4
       1
       5
       1
       0
       1
       4
       1
       3
       2
       2
       3
       0
       1
       2
       2
       2
       0
       5
       0
       1
       5
       2
       4
       2
       2
       1
       3
       4
       4
       1
       1
       3
       3
       5
       0
       3
       3
       2
       2
       3
       3
       3
       2
       4
       2
       1
       1
       1
       0
       2
       1
       2
       1
       2
       1
       2
       5
       2
       3
       2
       5
       1
       1
       2
       0
       2
       5
       0
       1
       1
       3
       1
       2
       1
       1
       2
       2
       1
       5
       2
       1
       0
       0
       4
       2
       1
       0
       0
       0
       3
       3
       3
       2
       1
       1
       1
       2
       1
       1
       4
       1
       3
       3
       0
       2
       0
       0
       1
       1
       1
       1
       2
       3
       0
       0
       0
       1
       1
       1
       5
       2
       1
       1
       2
       1
       2
       1
       0
       1
       0
       1
       0
       1
       0
       0
       2
       0
       0
       3
       0
       3
       2
       0
       0
       3
       1
       1
       2
       3
       2
       1
       1
       1
       2
       1
       2
       3
       2
       2
       1
       0
       0
       2
       1
       2
       3
       1
       1
       0
       1
       1
       5
       2
       1
       1
       0
       1
       1
       1
       4
       0
       0
       2
       0
       0
       2
       1
       2
       0
       2
       0
       2
       2
       1
       1
       0
       1
       1
       0
       0
       2
       2
       1
       4
       2
       0
       1
       2
       1
       1
       2
       0
       0
       2
       0
       1
       1
       0
       1
       2
       2
       1
       1
       0
       1
       2
       0
       2
       2
       2
       4
       0
       0
       0
       2
       1
       2
       2
       1
       0
       2
       3
       2
       1
       1
       3
       1
       1
       2
       1
       2
       1
       1
       4
       1
       2
       0
       3
       0
       1
       1
       3
       4
       3
       1
       0
       3
       0
       1
       0
       2
       1
       0
       2
       3
       1
       4
       1
       1
       2
       2
       1
       1
       0
       0
       2
       1
       1
       3
       2
       0
       2
       4
       4
       1
       0
       1
       0
       3
       3
       1
       3
       0
       3
       1
       2
       4
       0
       3
       2
       1
       3
       3
       0
       2
       5
       1
       2
       0
       0
       0
       0
       0
       0
       0
       0
       0
       0
       0
       0
       0
       0
       0
       0
       0
       0
       0
       0
       0
       0
       0
       0
       0
       0
       0
       0
       0
       0
       0
       0
       0
       0
       0
       0
       0
       0
       0
       0
       0
       0
       0
       0
       0
       0
       0
       0
       0
       0
       0
       0
       0
       0
       0
       0
       0
       0
       0
       0
       0
       0
       0
       0
       0
       0
       0
       0
$ROI:
0
$PRESETS:
Live Time
1127
0
$ENER_FIT:
-1.026383 0.465443
$MCA_CAL:
3
-1.026383E+000 4.654429E-001 1.540903E-004 keV
$SHAPE_CAL:
3
0.000000E+000 0.000000E+000 0.000000E+000
