$SPEC_ID:
none
$SPEC_REM:
DET# 1
DETDESC# Donnie Sheehan III - Easy-MCA-2k SN 14163589
AP# Maestro Version 7.01
$DATE_MEA:
10/04/2022 14:32:47
$MEAS_TIM:
301 301
$DATA:
0 2047
       0
       0
       0
       0
       0
       0
       0
       0
       0
       0
       0
       0
       0
       0
       0
       0
       0
       0
       0
       0
       0
       0
       0
       0
       0
       0
       0
       0
       0
       0
       0
       0
       0
       0
       0
       0
       0
       0
       0
       3
      10
       9
       8
       8
      15
       7
       7
      10
       9
      10
       9
       7
      13
      11
      13
      13
      12
       7
      14
      12
      16
      14
       8
      11
      14
      17
      13
      11
       9
      12
      15
      15
      11
       9
       7
      16
      13
       7
      12
      10
      12
      21
      15
      14
      20
      16
      10
      16
      10
      12
      10
      14
      13
      16
       9
      17
      14
      14
      14
      11
      12
      23
      10
      14
      11
      17
      15
      12
      12
      17
      21
      12
      16
      13
      20
      13
      15
      12
      15
      20
      16
      19
      17
      19
      18
      24
      27
      17
      22
      19
      28
      26
      24
      31
      29
      28
      41
      31
      31
      33
      39
      38
      44
      57
      44
      47
      41
      46
      65
      49
      64
      37
      45
      56
      47
      55
      44
      50
      44
      45
      44
      42
      40
      44
      37
      45
      60
      44
      50
      46
      32
      41
      45
      33
      31
      37
      40
      23
      26
      34
      42
      31
      27
      27
      35
      38
      34
      40
      18
      21
      45
      35
      22
      31
      31
      29
      24
      30
      29
      33
      34
      24
      37
      22
      25
      33
      27
      34
      37
      37
      30
      34
      32
      33
      30
      27
      22
      36
      32
      31
      33
      32
      42
      23
      32
      30
      28
      32
      40
      36
      29
      28
      25
      43
      33
      15
      31
      38
      31
      26
      36
      30
      23
      25
      29
      31
      31
      19
      28
      31
      26
      30
      17
      26
      14
      34
      23
      16
      31
      30
      31
      27
      27
      20
      23
      39
      37
      27
      24
      28
      28
      21
      23
      26
      36
      36
      24
      24
      23
      14
      33
      26
      29
      32
      31
      26
      25
      29
      32
      23
      30
      17
      34
      22
      24
      27
      27
      22
      21
      27
      34
      32
      22
      25
      30
      32
      24
      35
      19
      27
      31
      27
      32
      23
      42
      27
      28
      17
      19
      22
      25
      29
      22
      32
      29
      33
      16
      26
      27
      21
      24
      20
      19
      29
      28
      29
      36
      22
      28
      32
      28
      29
      26
      30
      27
      35
      33
      26
      17
      25
      32
      32
      24
      21
      27
      29
      23
      19
      27
      22
      24
      20
      24
      29
      33
      27
      31
      18
      30
      22
      26
      21
      25
      21
      31
      26
      28
      22
      12
      23
      35
      26
      27
      11
      19
      23
      23
      28
      18
      24
      21
      19
      27
      26
      28
      21
      25
      22
      19
      20
      24
      34
      26
      23
      27
      28
      26
      34
      23
      26
      16
      14
      17
      31
      21
      16
      23
      27
      17
      23
      20
      25
      21
      19
      29
      26
      16
      18
      18
      22
      14
      15
      21
      27
      22
      28
      24
      20
      17
      21
      18
      16
      15
      17
      23
      22
      32
      28
      18
      22
      19
      27
      17
      16
      12
      22
      17
      22
      22
      23
      18
      21
      20
      16
      24
      21
      24
      25
      23
      16
      24
      33
      19
      18
      18
      17
      20
      25
      20
      23
      17
      18
      14
      16
      17
      25
      12
       9
      17
      20
      14
      25
      27
      23
      15
      22
      25
      14
      15
      18
      20
      20
      14
      24
      24
      24
      20
      28
      20
      20
      15
      13
      29
      24
      19
      21
      23
      18
      19
      20
      18
      18
      28
      17
      18
      22
      26
      14
      16
      11
      16
      14
      19
      18
      23
      22
      18
      13
      24
      17
      20
      27
      19
      17
      28
      20
      18
      21
      24
      19
      11
      16
      12
      17
      15
      18
      21
      17
      16
      17
      21
      17
      20
      13
      15
      20
      18
      25
      18
      31
      13
      13
      27
      17
      23
      11
      15
      18
      17
      15
      14
      13
      13
      17
      22
      17
      22
      19
      14
      16
      17
      11
      19
      27
      13
      20
      15
      17
      15
      17
      19
      28
      31
      17
      19
      18
      16
      13
      18
       8
      16
      21
      17
      14
      18
      11
      17
      16
      20
      14
      18
      11
      10
      16
      17
      11
      18
      19
      20
      20
      16
      12
      11
      15
      17
      16
      15
      15
      14
      24
      16
      13
      16
      17
      18
      16
      22
      10
      17
      22
      16
      18
      17
      12
      17
      14
      16
      13
      25
      18
      15
      23
      14
      16
      18
      18
      17
      16
      10
      15
      16
      11
      20
      11
      16
      15
      16
      11
      19
      16
      13
      15
      17
      12
       6
      13
      13
      18
      15
      16
      13
      11
      13
      16
      13
      19
      21
      20
      17
      16
      17
       6
      14
      17
      12
      15
      26
      14
      11
      13
      16
      18
      10
      18
      12
      20
      22
      21
      12
      13
      18
      21
      16
      23
      11
      16
      24
      22
      18
      19
      20
      15
      17
      11
      13
      20
      17
      22
      24
      27
      21
      18
      18
      15
      13
      21
      25
      24
      20
      31
      24
      18
      21
      17
      35
      16
      25
      22
      16
      15
      21
      13
      21
      26
      24
      26
      21
      28
      17
      24
      23
      24
      30
      28
      33
      26
      19
      28
      20
      19
      29
      24
      39
      24
      21
      18
      19
      29
      28
      40
      26
      23
      31
      26
      38
      25
      28
      26
      28
      30
      21
      29
      25
      32
      23
      27
      40
      29
      33
      36
      36
      31
      24
      20
      27
      22
      40
      44
      47
      36
      29
      30
      25
      34
      29
      29
      37
      28
      30
      21
      30
      37
      36
      43
      25
      35
      26
      39
      28
      32
      25
      29
      30
      27
      29
      29
      26
      36
      40
      43
      23
      36
      33
      39
      38
      35
      23
      39
      36
      30
      38
      33
      25
      29
      36
      22
      32
      36
      32
      27
      27
      25
      39
      29
      25
      18
      26
      29
      42
      30
      27
      25
      25
      20
      39
      38
      28
      23
      42
      20
      25
      32
      27
      23
      25
      33
      14
      25
      19
      32
      28
      25
      18
      29
      23
      25
      16
      25
      26
      24
      14
      18
      22
      31
      14
      23
      26
      22
      23
      22
      19
      23
      15
      17
      16
      21
      37
      18
      21
      18
       8
      18
      23
      18
      10
      19
      11
      21
      21
      14
      20
      15
      20
      14
      13
      14
       7
      10
      18
      12
      14
      15
      12
      11
      18
      20
      18
      14
      13
      12
      13
      14
      13
      16
      17
      15
       8
      13
      12
      17
      16
       7
       8
      19
      12
       6
       7
      12
       9
       4
       4
       9
      10
       9
      12
       8
       6
       7
       7
      10
       7
       5
      10
      10
       7
       7
       7
      10
       5
       7
       9
       5
       8
       9
       4
       5
      10
       7
       8
       3
       6
      13
      10
       8
       4
      14
      15
       5
       7
       6
       5
      12
      10
      11
       5
       6
      12
       6
       7
       3
       6
       7
       7
       5
       7
       7
      11
       3
       5
       9
       5
       3
       8
       8
       6
       5
       6
       4
       6
       4
       5
       5
       4
       2
       2
       7
       1
       1
       5
       2
       2
       6
       1
       5
       2
       4
       2
       2
       8
       5
       7
       1
       6
       2
       2
       2
       3
       4
       2
       2
       3
       6
       4
       3
       5
       4
       6
       3
       3
       7
       6
       1
       3
       6
       2
       4
       5
       3
       2
       5
       1
       3
       2
       2
       2
       2
       5
       5
       4
       2
       4
       3
       3
       3
       5
       3
       1
       4
       2
       4
       2
       6
       3
       3
       3
       7
       2
       2
       1
       4
       2
       2
       5
       2
       2
       5
       4
       2
       2
       4
       1
       1
       2
       3
       3
       1
       3
       3
       4
       4
       3
       4
       2
       4
       3
       6
       2
       2
       2
       4
       5
       2
       2
       3
       1
       1
       1
       1
       4
       2
       2
       6
       2
       2
       2
       3
       2
       2
       5
       4
       3
       3
       1
       3
       1
       0
       0
       2
       1
       0
       8
       2
       5
       3
       1
       1
       4
       1
       5
       1
       2
       2
       2
       2
       2
       1
       0
       1
       1
       4
       3
       0
       3
       3
       0
       4
       4
       3
       1
       4
       3
       0
       2
       0
       3
       1
       1
       4
       2
       1
       1
       2
       2
       3
       5
       4
       1
       2
       3
       1
       1
       5
       3
       1
       2
       1
       0
       2
       2
       2
       2
       0
       3
       4
       4
       2
       4
       4
       6
       0
       1
       2
       3
       1
       5
       0
       2
       1
       0
       1
       1
       3
       5
       5
       3
       2
       2
       3
       2
       3
       1
       2
       3
       3
       4
       4
       5
       1
       0
       1
       5
       2
       3
       2
       1
       4
       3
       0
       3
       1
       3
       1
       2
       6
       1
       3
       0
       3
       5
       2
       0
       1
       3
       1
       4
       4
       4
       5
       2
       3
       2
       0
       3
       2
       4
       1
       3
       2
       2
       3
       4
       2
       2
       3
       6
       3
       4
       1
       1
       2
       2
       1
       3
       1
       4
       1
       2
       0
       1
       2
       1
       3
       2
       5
       3
       2
       1
       2
       3
       0
       3
       1
       3
       1
       0
       1
       2
       4
       2
       3
       2
       2
       3
       0
       2
       4
       6
       4
       3
       5
       3
       3
       2
       1
       4
       2
       2
       1
       0
       1
       3
       1
       4
       3
       2
       1
       2
       3
       4
       3
       7
       4
       2
       0
       2
       1
       4
       2
       3
       3
       4
       2
       3
       3
       1
       0
       2
       1
       2
       2
       4
       2
       3
       3
       1
       2
       1
       2
       0
       3
       2
       1
       2
       0
       4
       1
       1
       1
       3
       4
       6
       3
       1
       0
       1
       3
       2
       2
       1
       3
       2
       1
       3
       2
       3
       1
       1
       3
       0
       3
       1
       3
       1
       0
       2
       3
       3
       3
       1
       3
       4
       2
       1
       2
       2
       3
       5
       2
       0
       0
       3
       0
       2
       4
       2
       2
       4
       3
       1
       0
       2
       3
       1
       4
       2
       1
       2
       5
       2
       2
       6
       2
       1
       1
       0
       3
       2
       4
       0
       3
       0
       5
       2
       4
       1
       2
       1
       0
       2
       1
       3
       0
       1
       1
       1
       1
       2
       3
       2
       3
       1
       1
       1
       4
       0
       2
       3
       2
       0
       2
       2
       2
       3
       3
       4
       4
       1
       3
       4
       6
       4
       5
       3
       4
       4
       1
       1
       2
       1
       1
       2
       1
       1
       3
       0
       2
       2
       4
       2
       3
       4
       1
       2
       5
       0
       0
       2
       3
       1
       0
       2
       3
       6
       2
       3
       5
       3
       1
       4
       2
       1
       1
       1
       1
       2
       2
       0
       3
       1
       4
       1
       6
       2
       3
       2
       2
       1
       0
       4
       3
       0
       2
       1
       2
       1
       2
       1
       1
       2
       2
       4
       2
       5
       0
       4
       3
       0
       0
       2
       3
       3
       1
       3
       1
       2
       3
       3
       0
       1
       1
       1
       3
       1
       2
       1
       0
       1
       0
       1
       0
       2
       2
       2
       1
       2
       5
       1
       2
       0
       1
       3
       0
       1
       0
       1
       2
       3
       1
       1
       2
       0
       1
       3
       1
       7
       1
       3
       3
       3
       4
       2
       0
       5
       2
       2
       1
       2
       3
       2
       1
       2
       2
       4
       2
       4
       2
       2
       3
       2
       1
       1
       0
       0
       1
       1
       1
       2
       3
       3
       1
       4
       0
       1
       1
       4
       1
       1
       0
       2
       3
       1
       0
       1
       1
       1
       2
       1
       1
       2
       1
       0
       2
       0
       1
       1
       4
       0
       1
       1
       3
       1
       1
       0
       2
       1
       3
       3
       3
       3
       2
       3
       1
       2
       3
       0
       2
       5
       3
       2
       0
       0
       2
       0
       2
       0
       0
       0
       1
       1
       0
       2
       1
       3
       0
       1
       2
       3
       1
       6
       2
       1
       0
       1
       1
       2
       3
       0
       4
       2
       2
       0
       1
       0
       0
       1
       1
       1
       3
       4
       1
       2
       3
       3
       1
       2
       1
       2
       1
       1
       1
       0
       1
       0
       1
       1
       0
       2
       0
       1
       2
       3
       1
       0
       1
       3
       2
       1
       1
       5
       2
       0
       2
       1
       0
       2
       1
       1
       0
       3
       0
       1
       1
       3
       2
       1
       1
       0
       1
       0
       1
       3
       1
       0
       0
       1
       1
       0
       1
       1
       1
       1
       0
       1
       2
       0
       2
       3
       1
       2
       2
       1
       0
       2
       1
       1
       0
       2
       2
       0
       2
       1
       1
       1
       1
       2
       1
       1
       0
       0
       1
       1
       3
       1
       2
       1
       1
       0
       2
       1
       2
       1
       0
       1
       0
       1
       1
       3
       1
       5
       2
       0
       0
       2
       1
       0
       1
       1
       2
       0
       2
       2
       1
       1
       6
       1
       1
       1
       1
       2
       0
       3
       0
       1
       0
       1
       2
       1
       1
       0
       0
       1
       1
       1
       3
       3
       1
       0
       1
       1
       0
       2
       0
       4
       2
       4
       0
       2
       5
       2
       1
       2
       2
       0
       0
       1
       2
       2
       2
       1
       2
       0
       0
       0
       3
       0
       1
       2
       5
       1
       1
       0
       0
       0
       0
       0
       0
       0
       0
       0
       0
       0
       0
       0
       0
       0
       0
       0
       0
       0
       0
       0
       0
       0
       0
       0
       0
       0
       0
       0
       0
       0
       0
       0
       0
       0
       0
       0
       0
       0
       0
       0
       0
       0
       0
       0
       0
       0
       0
       0
       0
       0
       0
       0
       0
       0
       0
       0
       0
       0
       0
       0
       0
       0
       0
       0
       0
       0
       0
$ROI:
0
$PRESETS:
Live Time
1127
0
$ENER_FIT:
-1.026383 0.465443
$MCA_CAL:
3
-1.026383E+000 4.654429E-001 1.540903E-004 keV
$SHAPE_CAL:
3
0.000000E+000 0.000000E+000 0.000000E+000
