$SPEC_ID:
none
$SPEC_REM:
DET# 1
DETDESC# Donnie Sheehan III - Easy-MCA-2k SN 14163589
AP# Maestro Version 7.01
$DATE_MEA:
10/04/2022 14:38:31
$MEAS_TIM:
302 303
$DATA:
0 2047
       0
       0
       0
       0
       0
       0
       0
       0
       0
       0
       0
       0
       0
       0
       0
       0
       0
       0
       0
       0
       0
       0
       0
       0
       0
       0
       0
       0
       0
       0
       0
       0
       0
       0
       0
       0
       0
       0
       0
       5
      11
       7
       7
       6
      10
       6
      13
       6
       8
       6
      13
      10
       8
      11
      10
      10
       9
      16
      11
      15
      16
       8
      12
      12
      14
      13
      12
      16
       6
      11
      14
      13
      12
       9
       8
       7
       5
       9
      11
       5
      11
       6
       7
      11
      13
      10
      12
      11
      10
      16
      19
      14
      13
       9
      10
      11
      15
      12
      13
      17
       6
      15
      16
      15
      11
      17
      14
      14
       9
       8
       9
      17
       6
       6
       5
      17
      18
      21
      15
      14
      15
      18
       5
      23
      29
      13
      21
      20
      23
      21
      22
      19
      34
      27
      32
      20
      20
      33
      35
      33
      43
      37
      39
      31
      36
      37
      35
      41
      46
      43
      40
      36
      41
      39
      40
      51
      33
      44
      32
      30
      40
      27
      45
      38
      35
      41
      41
      29
      23
      27
      32
      31
      34
      34
      31
      39
      34
      34
      33
      26
      27
      22
      28
      20
      33
      24
      22
      31
      26
      24
      31
      39
      24
      36
      26
      27
      30
      33
      25
      31
      24
      28
      29
      27
      28
      38
      37
      24
      38
      25
      20
      37
      26
      26
      29
      26
      19
      41
      29
      29
      20
      32
      22
      34
      36
      39
      28
      35
      35
      33
      30
      22
      27
      29
      37
      30
      31
      33
      20
      25
      34
      31
      36
      31
      31
      27
      25
      28
      23
      26
      31
      20
      28
      35
      29
      32
      23
      23
      17
      26
      16
      28
      25
      25
      31
      25
      21
      31
      29
      17
      28
      31
      22
      14
      18
      22
      18
      18
      31
      24
      27
      30
      27
      22
      22
      22
      24
      23
      22
      27
      21
      22
      30
      21
      22
      19
      24
      39
      25
      35
      15
      21
      30
      28
      19
      20
      21
      34
      33
      25
      22
      29
      24
      23
      30
      16
      24
      19
      21
      29
      29
      18
      21
      35
      25
      21
      20
      26
      23
      22
      25
      29
      20
      37
      28
      34
      27
      29
      26
      17
      23
      19
      26
      27
      22
      17
      18
      27
      22
      21
      25
      24
      28
      19
      20
      24
      34
      25
      25
      21
      27
      23
      16
      25
      21
      18
      17
      16
      23
      22
      22
      32
      23
      19
      19
      24
      23
      19
      25
      16
      23
      16
      21
      30
      24
      26
      20
      15
      28
      20
      22
      30
      15
      16
      23
      24
      24
      16
      17
      18
      16
      21
      20
      14
      22
      16
      12
      15
      17
      26
      21
      19
      29
      19
      18
      20
      22
      17
      18
      30
      18
      25
      19
      17
      19
      15
      21
      21
      13
      19
      16
      16
      16
      11
      18
      12
      20
      26
      16
      15
      19
      18
      15
      19
      18
      10
      20
      12
      16
      14
      20
      19
      21
      12
      17
      13
      16
      24
      17
      18
      21
      17
      11
      24
      23
      15
      15
      13
      16
      10
      21
      16
      23
      17
      14
      17
      19
      18
      18
      20
      14
      12
      26
      32
      14
      17
       9
      16
      17
      19
      18
      15
      16
      18
      27
      15
      19
      19
      20
      11
      25
      22
      14
      20
      17
      19
      13
      22
      18
      18
      22
      19
      12
      15
      20
      19
      17
      16
      13
      23
      13
      23
      19
      21
      16
      15
       8
      18
      17
      20
       8
      10
      23
      19
      16
      11
      11
      13
      12
      14
      10
      17
      22
      17
      11
      10
      13
      14
      18
      18
      17
      20
      17
      13
      15
      14
      14
      16
      23
      18
      17
      16
      16
      12
      11
      13
      12
      19
      12
      16
      14
      17
      12
      17
      14
      19
      13
      10
       9
      18
      15
      11
      18
      20
      14
      15
      15
      14
      12
       7
      18
      11
      20
      13
      17
       9
      21
      10
      15
      16
      17
      17
      11
      16
      11
      10
      21
      20
      11
      20
      13
      11
      12
      22
      12
      16
      16
      21
       8
      18
      10
      14
      17
      15
      13
      13
      11
      19
       8
       8
      18
       9
      16
      13
      13
      15
      17
      10
      19
      16
      14
      16
      14
      16
      19
      15
      12
       9
      17
      17
      12
      10
      13
      11
      13
      24
      13
      16
      18
       8
       8
       9
      15
      10
      18
      15
      12
      12
      15
      19
      15
       8
      17
      23
      14
      13
      12
      18
      13
      15
      16
      24
      16
      12
      17
      15
      16
      21
      12
      14
      12
      26
      23
      25
       8
      25
      24
      14
      16
      25
      19
      21
      21
      29
      28
      24
      24
      18
      13
      20
      25
      18
      20
      17
      25
      17
      18
      27
      19
      29
      29
      28
      27
      17
      18
      27
      28
      22
      22
      23
      21
      28
      23
      17
      12
      26
      25
      18
      29
      13
      24
      24
      29
      20
      19
      19
      26
      20
      26
      31
      32
      15
      30
      22
      30
      26
      23
      23
      13
      18
      23
      38
      33
      24
      18
      17
      21
      31
      27
      21
      22
      29
      28
      30
      34
      21
      35
      29
      22
      29
      21
      25
      23
      34
      22
      29
      25
      11
      19
      30
      20
      18
      20
      25
      29
      10
      24
      21
      23
      21
      26
      17
      14
      18
      25
      19
      12
      22
      19
      17
      13
      25
      25
      20
      16
      23
      21
      14
      18
      20
      18
      19
      16
      22
      16
      22
      23
      20
      22
      24
      21
      27
      16
      19
      22
      19
      15
      15
      14
      12
      21
      13
      18
      11
      13
      19
      16
      21
      11
      14
      18
       5
      18
      18
       9
      12
      14
      17
      15
      19
      16
      12
      10
       7
      16
      13
      14
      19
      13
      12
       8
      11
      19
       7
      16
      10
       6
      15
       8
      12
      14
      10
      11
       8
      14
      12
      13
       5
      11
      11
      10
      10
       7
       9
       6
       9
       9
       4
      10
      11
       8
      11
       9
       8
      14
       6
       9
       7
       5
       6
       7
       8
      13
      11
       8
      10
       9
       7
      10
      10
       7
       8
       3
      12
      10
      11
       9
       4
       6
       9
      11
       6
       9
      11
       3
       7
       6
       3
      10
       2
       8
       9
      10
      12
       7
       6
       3
       8
       5
       9
      11
       8
       5
       3
       7
       8
       6
       5
       8
       5
       7
       5
       7
       1
       7
       6
       6
       5
       3
       5
       6
       8
       6
       8
       2
       3
       5
       5
       6
       3
       4
       6
       5
       2
       4
       7
       6
       6
       2
       2
       4
       5
       8
       3
       2
       4
       3
       4
       5
       4
       4
       1
       8
       2
       5
       5
       4
       2
       4
       2
       5
       7
       8
       7
       6
       6
       5
       2
       3
       7
       6
       3
       3
      13
       4
       3
       9
       3
       2
       5
       4
       3
       8
       5
       1
       3
       6
       4
       8
       4
       8
       2
       5
       3
       2
       4
       4
       6
       2
       3
       1
       1
       1
       2
       2
       4
       2
       5
       0
       2
       6
       2
       8
       3
       4
       6
       3
       3
       4
       4
       3
       4
       4
       3
       4
       3
       3
       1
       3
       2
       4
       2
       3
       3
       2
       7
       1
       5
       2
       0
       5
       3
       5
       2
       2
       2
       2
       3
       3
       4
       7
       2
       5
       5
       4
       2
       5
       2
       8
       3
       3
       2
       6
       3
       3
       2
       5
       3
       3
       2
       2
       2
       2
       2
       3
       3
       4
       5
       2
       7
       5
       4
       0
       3
       2
       2
       3
       4
       2
       4
       2
       2
       4
       4
       0
       1
       3
       3
       6
       2
       1
       4
       4
       2
       3
       3
       2
       2
       3
       2
       2
       1
       3
       4
       3
       1
       5
       4
       1
       1
       0
       0
      10
       4
       6
       3
       1
       4
       5
       4
       3
       1
       1
       6
       3
       1
       2
       3
       3
       2
       1
       3
       4
       3
       2
       5
       1
       4
       2
       1
       3
       6
       3
       1
       5
       3
       1
       4
       3
       5
       4
       1
       3
       2
       2
       4
       2
       6
       2
       2
       2
       2
       4
       2
       2
       1
       1
       2
       6
       2
       6
       0
       6
       2
       4
       2
       2
       1
       1
       1
       5
       2
       2
       0
       2
       4
       3
       4
       2
       2
       4
       1
       3
       3
       1
       5
       1
       3
       3
       2
       1
       2
       4
       2
       3
       1
       3
       3
       2
       2
       2
       0
       4
       1
       3
       6
       2
       3
       5
       1
       5
       0
       3
       3
       4
       4
       2
       2
       2
       4
       0
       0
       0
       4
       2
       3
       1
       3
       0
       2
       0
       3
       6
       1
       1
       4
       1
       3
       5
       3
       3
       4
       3
       2
       2
       3
       5
       5
       0
       5
       1
       3
       3
       1
       2
       3
       1
       4
       3
       0
       2
       0
       2
       4
       8
       1
       3
       2
       2
       1
       4
       2
       7
       2
       2
       5
       3
       2
       2
       1
       3
       1
       1
       2
       0
       2
       3
       1
       4
       0
       1
       2
       1
       4
       3
       1
       1
       1
       4
       2
       2
       2
       3
       1
       1
       4
       1
       3
       3
       0
       2
       2
       2
       3
       2
       5
       2
       3
       1
       4
       3
       3
       2
       3
       4
       4
       2
       2
       2
       4
       5
       5
       2
       3
       1
       2
       3
       4
       1
       2
       1
       0
       1
       2
       0
       0
       0
       2
       2
       1
       4
       0
       1
       0
       1
       2
       4
       3
       3
       3
       3
       1
       1
       2
       0
       4
       2
       0
       1
       2
       2
       1
       0
       5
       2
       4
       1
       3
       1
       3
       1
       1
       0
       2
       3
       2
       0
       3
       6
       3
       2
       4
       0
       1
       3
       4
       2
       1
       2
       1
       1
       0
       6
       5
       2
       1
       7
       3
       0
       3
       3
       0
       3
       2
       1
       2
       4
       1
       2
       3
       4
       1
       2
       1
       2
       1
       3
       4
       3
       2
       3
       0
       4
       1
       3
       3
       1
       3
       4
       3
       3
       3
       3
       1
       2
       2
       4
       1
       2
       2
       1
       4
       2
       4
       2
       4
       4
       0
       1
       3
       4
       3
       4
       2
       2
       0
       3
       2
       3
       2
       1
       3
       5
       0
       0
       3
       2
       3
       2
       1
       2
       1
       2
       1
       4
       3
       3
       1
       2
       3
       1
       6
       2
       1
       1
       3
       2
       0
       1
       3
       3
       0
       4
       3
       1
       4
       2
       0
       3
       4
       1
       3
       1
       1
       1
       3
       3
       1
       2
       1
       3
       2
       1
       2
       0
       4
       2
       1
       1
       3
       1
       2
       2
       2
       0
       3
       0
       2
       3
       1
       1
       4
       1
       5
       2
       1
       4
       2
       1
       2
       0
       5
       2
       3
       1
       4
       3
       0
       1
       1
       2
       1
       0
       1
       0
       4
       1
       2
       2
       1
       2
       6
       1
       3
       3
       1
       0
       2
       3
       3
       2
       1
       0
       1
       2
       0
       2
       2
       4
       1
       1
       2
       1
       1
       3
       1
       1
       1
       1
       4
       2
       2
       2
       3
       1
       1
       4
       1
       0
       3
       3
       3
       3
       2
       1
       2
       2
       3
       1
       1
       2
       1
       1
       1
       1
       1
       0
       0
       2
       0
       0
       3
       3
       1
       0
       1
       4
       1
       0
       0
       4
       4
       0
       3
       2
       4
       1
       1
       1
       2
       1
       2
       2
       3
       4
       1
       2
       0
       0
       2
       1
       1
       1
       0
       1
       0
       1
       2
       0
       0
       0
       3
       0
       1
       5
       4
       3
       0
       0
       3
       1
       2
       2
       4
       2
       3
       0
       1
       4
       4
       2
       0
       1
       2
       2
       0
       1
       0
       0
       0
       1
       1
       4
       4
       0
       3
       1
       1
       0
       0
       1
       1
       0
       2
       3
       1
       4
       1
       2
       1
       1
       0
       2
       2
       0
       1
       1
       1
       2
       3
       3
       1
       1
       0
       2
       1
       3
       0
       1
       2
       0
       1
       2
       3
       1
       3
       1
       0
       0
       0
       1
       2
       1
       2
       0
       2
       0
       0
       4
       1
       1
       1
       0
       1
       0
       0
       0
       1
       3
       1
       2
       2
       1
       1
       1
       0
       1
       0
       0
       3
       2
       2
       0
       1
       1
       3
       1
       1
       3
       2
       1
       1
       1
       0
       0
       0
       1
       4
       0
       1
       1
       1
       0
       2
       0
       0
       2
       1
       0
       1
       2
       3
       3
       3
       3
       2
       0
       0
       1
       3
       0
       2
       0
       2
       1
       1
       4
       2
       1
       1
       2
       3
       2
       3
       2
       3
       2
       0
       1
       2
       5
       2
       1
       0
       2
       0
       2
       0
       1
       3
       1
       0
       1
       0
       4
       1
       0
       0
       2
       1
       2
       1
       1
       2
       2
       2
       2
       0
       0
       3
       0
       1
       1
       2
       3
       3
       1
       3
       0
       0
       2
       1
       2
       3
       0
       0
       1
       3
       3
       0
       1
       1
       1
       1
       4
       2
       0
       1
       1
       0
       0
       4
       1
       0
       2
       2
       2
       4
       2
       1
       0
       0
       0
       0
       0
       0
       0
       0
       0
       0
       0
       0
       0
       0
       0
       0
       0
       0
       0
       0
       0
       0
       0
       0
       0
       0
       0
       0
       0
       0
       0
       0
       0
       0
       0
       0
       0
       0
       0
       0
       0
       0
       0
       0
       0
       0
       0
       0
       0
       0
       0
       0
       0
       0
       0
       0
       0
       0
       0
       0
       0
       0
       0
       0
       0
       0
       0
       0
$ROI:
0
$PRESETS:
Live Time
1127
0
$ENER_FIT:
-1.026383 0.465443
$MCA_CAL:
3
-1.026383E+000 4.654429E-001 1.540903E-004 keV
$SHAPE_CAL:
3
0.000000E+000 0.000000E+000 0.000000E+000
