$SPEC_ID:
none
$SPEC_REM:
DET# 1
DETDESC# Donnie Sheehan III - Easy-MCA-2k SN 14163589
AP# Maestro Version 7.01
$DATE_MEA:
10/04/2022 14:45:15
$MEAS_TIM:
300 300
$DATA:
0 2047
       0
       0
       0
       0
       0
       0
       0
       0
       0
       0
       0
       0
       0
       0
       0
       0
       0
       0
       0
       0
       0
       0
       0
       0
       0
       0
       0
       0
       0
       0
       0
       0
       0
       0
       0
       0
       0
       0
       0
       5
       7
       2
       3
       5
       8
       5
       7
       2
       8
       6
       5
       7
       5
       7
       4
      11
       6
       6
       5
       5
      14
      14
       9
      12
      10
      10
       8
       7
       8
      10
      14
      11
       9
      10
       5
      10
       5
      10
       9
       9
      10
      13
       7
      11
       9
       3
       9
       9
      11
      11
      10
      16
      17
      13
      11
       9
      13
      10
       8
      11
       7
      10
       8
       8
      17
       9
      10
      10
      10
      14
      13
       6
       7
      13
      12
      12
      12
      11
      13
      12
      11
       4
      11
      15
      21
      15
       9
      19
      16
      18
      20
      25
      17
      22
      23
      17
      36
      22
      19
      31
      32
      31
      40
      26
      35
      27
      45
      40
      33
      27
      42
      45
      38
      35
      31
      32
      30
      32
      33
      31
      33
      32
      35
      34
      32
      28
      38
      31
      42
      33
      33
      46
      34
      31
      32
      25
      24
      25
      26
      31
      23
      30
      17
      22
      40
      27
      30
      23
      21
      36
      37
      23
      25
      22
      14
      21
      28
      27
      24
      22
      25
      30
      24
      30
      28
      28
      36
      27
      23
      26
      26
      35
      28
      31
      24
      28
      20
      22
      43
      21
      27
      33
      20
      28
      23
      29
      34
      27
      34
      32
      27
      24
      33
      30
      22
      23
      16
      29
      23
      23
      23
      27
      24
      23
      23
      19
      32
      30
      29
      22
      29
      29
      27
      24
      28
      22
      26
      23
      26
      20
      30
      33
      27
      25
      28
      28
      24
      19
      30
      24
      22
      33
      15
      30
      21
      20
      19
      23
      19
      26
      32
      22
      29
      24
      24
      19
      18
      25
      28
      27
      28
      18
      20
      28
      26
      24
      23
      27
      33
      17
      16
      23
      18
      21
      27
      20
      20
      26
      22
      37
      19
      18
      22
      27
      30
      16
      16
      21
      33
      18
      25
      20
      21
      22
      29
      22
      25
      23
      25
      35
      20
      29
      23
      17
      17
      21
      26
      24
      18
      19
      20
      18
      20
      14
      16
      31
      34
      19
      24
      26
      20
      16
      19
      22
      18
      24
      19
      27
      20
      22
      27
      19
      19
      15
      19
      20
      14
      26
      28
      25
      19
      17
      13
      24
      14
      15
      11
      15
      22
      12
      14
      26
      26
      28
      20
      13
      21
      20
      17
      11
      12
      22
      16
      18
      19
      13
      17
      25
       9
      14
      15
      20
      19
      17
      18
      28
      11
      24
      15
      22
      26
      16
      20
      25
      18
      19
      24
      19
      19
      16
      19
      14
      17
      15
      18
      11
      20
      13
      18
      24
      20
      19
      12
      11
      12
      15
      20
      15
      17
      17
      12
      11
      13
       8
      16
      22
       4
      12
      16
      16
      19
      13
      16
      16
      17
      22
      11
      10
      17
      14
      12
      12
      19
      19
      18
      11
      13
      17
      19
      12
      14
      15
      17
      10
      11
       9
      19
      10
      10
      10
      19
      14
      15
      12
      12
      13
      14
       9
      12
      20
      12
      12
      15
      12
      17
      12
      13
      19
      22
      17
      17
      25
      17
      13
      17
      18
      11
       7
      14
      17
      14
      16
      13
      18
      18
      12
      15
      13
      19
       9
      16
      10
      11
      21
      15
      22
       7
       9
      11
      14
      11
      16
      10
      15
      12
       9
      12
      20
      16
       7
       9
      18
      10
      11
      10
      16
      15
      13
      10
      12
      13
      13
      15
      10
      13
      11
      12
       9
      15
      13
      11
      10
       5
      12
      10
      12
      14
      10
      12
      11
      10
      13
      20
      13
      10
       9
      15
       9
      13
      17
      11
      15
      13
      14
      14
      19
      14
      22
      12
      10
       9
      20
      16
       9
      16
      18
      19
      17
      16
      11
      23
      13
       8
      13
      10
      12
      15
       9
      14
      20
      20
      13
      11
      21
      19
      19
      16
      20
      12
      12
      16
      19
      16
      16
      12
      21
      14
      16
      13
      22
      24
      14
      11
      19
      19
      25
      30
      25
      15
      27
      16
      27
      21
      16
      30
      18
      19
      25
      26
      22
      28
      21
      23
      20
      22
      23
      19
      24
      24
      23
      20
      24
      22
      19
      25
      29
      22
      34
      29
      22
      23
      18
      23
      29
      25
      11
      22
      26
      23
      19
      25
      29
      19
      22
      27
      32
      24
      17
      23
      20
      18
      27
      20
      23
      27
      27
      18
      16
      15
      22
      23
      22
      25
      15
      23
      24
      23
      24
      16
      27
      21
      24
      16
      19
      11
      19
      23
      20
      26
      20
      20
      22
      17
      14
      22
      18
      26
      28
      19
      19
      15
      22
      24
      12
      17
      15
      18
      10
      19
      19
      30
      14
      22
      15
      15
      14
      16
      12
      11
      14
      25
      22
      19
      16
      20
      13
      16
      12
      18
      16
      10
      15
      15
       9
       9
      16
      11
       9
       9
       7
      14
      10
      13
      12
      16
       7
       8
       4
       9
       6
      10
       7
       9
      12
       9
      11
       8
      15
      12
       7
       8
      10
       5
      15
      12
       9
       7
       9
      12
       5
       8
       7
       7
       6
       8
       9
       6
       8
      11
       8
       7
       4
       7
       6
       4
       5
       6
      13
       6
       9
       7
       5
       8
       3
       7
       2
       9
       6
       6
       3
       8
       8
       5
       8
       5
       7
       5
       4
       9
       2
       5
       7
       9
       8
       8
       5
       7
       4
       5
       4
       6
      10
       6
       8
      11
       2
       6
      10
       0
       3
      10
      12
       9
       5
       6
       9
       6
       4
       7
       3
       3
       6
       4
       4
       6
       5
       2
       7
       3
       5
       7
       4
       9
       7
       6
       4
       2
       4
       7
       3
       8
       5
       3
       4
       3
       6
       7
       7
       8
      10
       8
       3
       7
       5
       7
       7
       9
       9
       4
       5
       5
       6
       3
       4
       3
       5
       5
       2
       4
       1
       4
       7
       7
       5
       6
       4
       3
       4
       7
       1
       6
       2
       5
       6
       2
       6
       5
       6
       2
       5
       1
       7
       4
       3
       7
       0
       7
       5
       4
       4
       1
       5
       3
       5
       3
       4
       4
       5
       1
       7
       4
       5
       5
       2
       6
       4
       5
       3
       4
       5
       9
       4
       9
       5
       8
       6
       3
       6
       8
       6
       2
       9
       2
       6
       6
       3
       3
       5
       2
       6
       6
       4
       6
       5
       4
       3
       7
       6
       1
       4
       7
       4
       2
       5
       1
       4
       5
       8
       5
       5
       7
       4
      11
       3
       5
       5
       0
       4
       4
       4
       4
       1
       4
       1
       3
       1
       1
       6
       4
       7
       2
       5
       5
       1
       2
       7
       5
       5
       5
       3
       6
       2
       8
       2
       5
       6
       7
       2
       2
       4
       6
       3
       3
       4
       6
       4
       2
       4
       3
       6
       5
       4
       4
       5
       2
       5
       6
       7
       8
       3
       2
       2
       3
       5
       4
       3
       4
       3
       3
       3
       2
       5
       5
       5
       6
       5
       2
       4
       0
       4
       1
       4
       5
       4
       2
       0
       2
       3
       1
       1
       4
       1
       1
       1
       2
       6
       2
       0
       1
       0
       3
       7
       1
       2
       2
       3
       3
       6
       5
       1
       3
       2
       3
       3
       3
       3
       4
       5
       2
       2
       5
       2
       1
       1
       1
       3
       2
       2
       5
       1
       4
       2
       1
       1
       3
       2
       3
       4
       1
       2
       1
       4
       2
       5
       4
       2
       3
       2
       7
       3
       2
       5
       2
       3
       6
       1
       2
       6
       1
       5
       4
       3
       0
       3
       3
       1
       1
       3
       4
       5
       4
       2
       2
       4
       2
       2
       2
       4
       0
       2
       1
       2
       1
       4
       4
       3
       1
       6
       2
       2
       4
       6
       3
       4
       2
       0
       3
       2
       5
       3
       1
       1
       2
       2
       2
       3
       3
       1
       2
       2
       0
       4
       5
       2
       2
       3
       2
       5
       2
       2
       1
       4
       4
       7
       6
       4
       1
       2
       1
       2
       3
       3
       1
       2
       3
       1
       4
       2
       2
       1
       4
       1
       2
       0
       2
       3
       3
       0
       2
       4
       3
       2
       2
       1
       2
       0
       2
       2
       4
       2
       4
       3
       4
       2
       0
       5
       0
       1
       0
       3
       3
       1
       4
       8
       1
       2
       1
       2
       1
       3
       2
       2
       0
       3
       1
       2
       2
       2
       4
       2
       4
       2
       2
       1
       2
       3
       3
       3
       2
       4
       2
       0
       3
       2
       4
       1
       3
       2
       2
       1
       1
       5
       0
       7
       3
       5
       6
       3
       0
       3
       3
       1
       2
       2
       3
       2
       2
       0
       2
       0
       7
       3
       3
       2
       1
       2
       2
       2
       5
       5
       0
       2
       2
       5
       5
       2
       1
       0
       2
       1
       7
       2
       1
       3
       3
       5
       2
       4
       3
       1
       4
       0
       4
       2
       1
       1
       1
       4
       2
       0
       5
       3
       1
       2
       1
       4
       1
       2
       2
       3
       3
       3
       0
       3
       2
       5
       1
       1
       3
       1
       2
       4
       4
       1
       1
       3
       0
       2
       2
       3
       3
       0
       0
       1
       5
       1
       3
       3
       1
       2
       1
       1
       4
       2
       2
       4
       3
       2
       3
       4
       2
       2
       4
       2
       4
       3
       3
       2
       2
       3
       2
       3
       0
       1
       5
       1
       5
       2
       4
       1
       3
       2
       3
       1
       1
       4
       1
       6
       2
       0
       3
       3
       3
       0
       4
       4
       1
       2
       2
       4
       2
       0
       4
       4
       2
       3
       3
       1
       1
       4
       1
       1
       0
       2
       3
       2
       1
       2
       0
       1
       1
       3
       2
       4
       3
       1
       0
       2
       5
       3
       3
       1
       2
       2
       4
       3
       0
       4
       6
       3
       1
       2
       2
       2
       2
       4
       2
       2
       4
       2
       0
       1
       2
       3
       4
       2
       1
       1
       2
       2
       4
       4
       2
       2
       2
       2
       0
       1
       2
       2
       1
       3
       2
       1
       1
       2
       4
       1
       4
       3
       2
       4
       0
       4
       3
       2
       2
       4
       3
       7
       6
       4
       0
       3
       1
       3
       3
       2
       2
       2
       6
       2
       4
       5
       0
       0
       5
       2
       0
       2
       3
       5
       1
       1
       2
       0
       3
       0
       2
       3
       1
       5
       3
       2
       3
       6
       1
       2
       1
       3
       0
       2
       0
       1
       3
       4
       3
       1
       3
       1
       1
       2
       0
       2
       4
       2
       1
       1
       0
       1
       4
       4
       2
       0
       2
       5
       1
       2
       1
       2
       2
       1
       1
       0
       1
       0
       2
       4
       0
       4
       3
       3
       4
       1
       4
       4
       0
       1
       2
       2
       3
       0
       1
       1
       5
       1
       3
       4
       2
       1
       3
       1
       1
       0
       2
       1
       4
       0
       1
       2
       0
       2
       3
       0
       1
       1
       2
       1
       4
       0
       4
       2
       4
       1
       3
       4
       1
       3
       1
       4
       4
       2
       4
       0
       1
       1
       1
       1
       0
       0
       2
       2
       2
       1
       1
       0
       2
       4
       0
       2
       1
       2
       2
       2
       1
       1
       2
       2
       2
       4
       1
       2
       0
       1
       2
       2
       2
       0
       3
       1
       1
       2
       4
       2
       0
       3
       0
       2
       1
       1
       2
       2
       1
       0
       2
       0
       0
       1
       2
       2
       1
       3
       0
       4
       1
       2
       3
       2
       1
       3
       2
       1
       3
       1
       1
       3
       1
       3
       2
       0
       1
       0
       1
       0
       1
       1
       3
       0
       0
       0
       1
       3
       1
       2
       1
       2
       3
       1
       2
       1
       1
       2
       0
       0
       0
       0
       0
       0
       2
       2
       1
       1
       2
       0
       1
       1
       3
       0
       0
       0
       0
       0
       1
       1
       4
       4
       1
       1
       2
       3
       0
       2
       0
       0
       5
       1
       1
       1
       1
       3
       1
       0
       3
       0
       2
       3
       2
       1
       1
       1
       0
       2
       2
       0
       4
       1
       0
       1
       1
       2
       1
       1
       2
       3
       0
       1
       1
       0
       0
       3
       0
       2
       0
       1
       0
       0
       1
       1
       3
       1
       1
       0
       3
       1
       0
       1
       2
       5
       0
       2
       0
       0
       0
       1
       1
       3
       1
       0
       1
       1
       3
       1
       1
       1
       1
       1
       1
       2
       1
       1
       1
       0
       0
       1
       1
       0
       1
       2
       0
       1
       0
       0
       2
       1
       1
       0
       1
       1
       1
       1
       2
       0
       1
       1
       2
       1
       2
       3
       2
       5
       3
       1
       1
       2
       1
       3
       1
       2
       2
       1
       1
       2
       1
       1
       1
       1
       3
       0
       0
       2
       1
       4
       1
       2
       1
       1
       4
       3
       1
       3
       3
       3
       0
       2
       1
       1
       2
       5
       2
       3
       0
       1
       2
       5
       0
       1
       0
       4
       5
       3
       0
       0
       0
       0
       0
       0
       0
       0
       0
       0
       0
       0
       0
       0
       0
       0
       0
       0
       0
       0
       0
       0
       0
       0
       0
       0
       0
       0
       0
       0
       0
       0
       0
       0
       0
       0
       0
       0
       0
       0
       0
       0
       0
       0
       0
       0
       0
       0
       0
       0
       0
       0
       0
       0
       0
       0
       0
       0
       0
       0
       0
       0
       0
       0
       0
       0
       0
       0
$ROI:
0
$PRESETS:
Live Time
1127
0
$ENER_FIT:
-1.026383 0.465443
$MCA_CAL:
3
-1.026383E+000 4.654429E-001 1.540903E-004 keV
$SHAPE_CAL:
3
0.000000E+000 0.000000E+000 0.000000E+000
