$SPEC_ID:
none
$SPEC_REM:
DET# 1
DETDESC# Donnie Sheehan III - Easy-MCA-2k SN 14163589
AP# Maestro Version 7.01
$DATE_MEA:
10/04/2022 14:51:38
$MEAS_TIM:
300 300
$DATA:
0 2047
       0
       0
       0
       0
       0
       0
       0
       0
       0
       0
       0
       0
       0
       0
       0
       0
       0
       0
       0
       0
       0
       0
       0
       0
       0
       0
       0
       0
       0
       0
       0
       0
       0
       0
       0
       0
       0
       0
       0
       2
       3
      11
       6
      10
       8
       6
       3
       4
       9
       2
      11
       7
      10
       4
       5
      12
      10
      11
       5
       9
      10
       8
       8
      12
      10
       8
       6
       6
      15
      12
       6
      15
       5
       6
       5
      10
      13
      11
       6
       8
       3
       7
       6
       9
       8
       7
       8
       4
      11
       8
       8
      10
       7
      12
       9
      10
      14
      11
       5
      11
       7
      10
       3
       3
       7
      13
      11
      13
       7
      10
       9
       3
       8
      10
      10
       9
       9
      18
      10
      11
      14
      17
      10
      11
       7
      14
      12
      14
      12
      17
      24
      13
      16
      19
      18
      24
      17
      23
      16
      20
      29
      22
      25
      34
      36
      27
      32
      29
      34
      32
      30
      37
      34
      29
      20
      34
      39
      38
      23
      34
      38
      32
      26
      19
      27
      36
      31
      32
      32
      39
      24
      37
      28
      32
      23
      32
      22
      23
      30
      24
      30
      30
      34
      21
      35
      20
      33
      37
      24
      31
      18
      32
      31
      26
      24
      25
      21
      28
      25
      26
      27
      31
      24
      41
      25
      29
      28
      35
      19
      25
      23
      34
      24
      29
      28
      24
      27
      20
      22
      20
      20
      24
      20
      34
      28
      27
      34
      26
      25
      30
      26
      28
      30
      31
      22
      32
      28
      28
      34
      29
      29
      37
      31
      24
      32
      22
      27
      18
      15
      26
      20
      22
      22
      21
      22
      20
      28
      24
      27
      22
      24
      35
      31
      28
      27
      18
      19
      23
      27
      27
      27
      24
      20
      14
      24
      22
      19
      18
      28
      12
      25
      27
      21
      24
      18
      20
      31
      24
      23
      22
      26
      26
      26
      25
      20
      22
      33
      19
      17
      26
      21
      31
      25
      21
      24
      26
      18
      20
      30
      24
      19
      23
      23
      21
      21
      12
      20
      24
      19
      18
      18
      25
      28
       4
      28
      19
      15
      21
      25
      20
      18
      22
      21
      15
      15
      22
      25
      17
      22
      19
      17
      16
      16
      25
      21
      12
      23
      21
      23
      20
      16
      14
      24
      20
      18
      19
      17
      17
      16
      25
      19
      18
      25
      26
      17
      19
      17
      20
      19
      16
      12
      16
      23
      10
      16
      12
      15
       8
      21
      15
      17
      16
      27
      24
      19
      13
      12
      22
      13
      18
      13
      15
      16
      14
      22
      21
      18
      11
      18
      13
      23
      18
      16
      21
      17
      20
       9
      11
      21
      12
      15
      14
      15
      21
      12
      11
      14
      14
      13
      16
      22
      29
      18
      13
      13
      27
      16
      14
      13
      17
      12
      18
      16
      15
      12
      17
      15
      12
      14
      22
      15
      16
      10
      12
      20
      23
      12
      11
      13
      10
      19
      11
      15
      17
      11
      14
      18
      17
      21
      20
      15
      17
      15
      10
      13
      10
      16
      14
      12
      19
      18
      15
      17
      13
      17
      13
      13
      19
      19
      16
      13
      14
      12
       9
      12
      12
       8
      17
      18
      14
      14
       8
      19
      20
      15
      16
      14
      12
      21
       8
      11
      20
      12
      15
      18
      15
      20
       6
       9
      19
      15
      16
      12
      14
      14
      10
       9
      10
      13
      11
      15
      14
      16
      15
      17
      17
      11
      12
      14
      12
       9
      21
      15
      16
      16
      19
      13
      16
       9
      16
      18
      17
       9
      11
      14
      20
      11
      16
      21
      15
      20
      10
      19
      24
      25
      13
      21
      19
      17
      19
      17
      23
      18
      23
      16
      18
      21
      21
      12
      17
      14
      19
      21
      25
      16
      17
      16
      29
      20
      25
      28
      29
      22
      20
      30
      20
      19
      20
      18
      18
      22
      21
      27
      23
      32
      18
      21
      17
      30
      29
      19
      20
      18
      32
      30
      21
      17
      17
      20
      18
      15
      22
      17
      21
      31
      17
      26
      27
      23
      22
      19
      19
      23
      16
      30
      28
      20
      25
      27
      33
      16
      26
      24
      30
      22
      17
      20
      22
      22
      21
      23
      24
      22
      22
      24
      23
      28
      16
      11
      20
      25
      21
      26
      20
      21
      10
      15
      23
      16
      22
      15
      29
      12
      17
      20
      18
      13
      15
      16
      13
      12
      18
      17
      15
      18
      17
       9
      10
      21
      12
      13
      11
       9
      11
       6
      15
      14
      11
      15
      10
       7
      13
      12
      16
      13
      14
       9
       8
       9
       4
       9
      10
       9
       7
      13
       8
       8
       5
      11
      12
      10
      10
       7
       5
      10
      12
       8
       7
      14
      14
      13
      12
      11
      11
       6
       8
       9
       7
       6
       9
       5
       8
       6
       9
       7
       5
      11
      11
       8
       4
      10
       5
       6
       4
       9
       5
       9
       6
       7
       5
       5
       6
       9
       5
       6
       6
       4
       2
       2
       3
       6
       7
       1
       3
       2
       5
       6
       3
       6
       1
       5
       9
       5
       3
       3
       3
       7
       2
       7
       3
       4
       8
       2
       3
       5
       4
       4
       5
      12
       5
       4
       9
       4
       6
       5
       3
       7
       3
       5
       8
       4
       6
       7
       3
       4
       3
       3
       7
       7
       7
       2
       4
       5
       8
       2
       2
       4
       5
       4
       4
       3
       5
       4
       6
       0
       5
       7
       6
       3
       3
       3
       5
       7
       7
       1
       4
       6
       2
       1
       6
       4
       4
       4
       5
       2
       5
       8
       6
       3
       5
       3
       2
       2
       2
       6
       5
       3
       5
       3
       6
       1
       6
       4
       3
       3
       5
       3
       7
       5
       2
       4
       4
       6
       4
       7
       3
       5
       4
       6
       5
       3
       2
       0
       4
       3
       7
       4
       5
       5
       5
       5
       6
       7
       4
       6
       2
       1
       5
       4
       2
       7
       8
       5
       3
       2
       3
       6
       3
       4
       5
       6
      11
       1
       5
      11
       7
       2
       7
       3
       9
       4
       4
       5
       6
       6
       5
       2
       2
       7
       3
       3
       4
       2
       3
       4
       7
       2
       5
       7
       3
       3
       5
       4
       1
       6
       6
       7
       2
       8
       1
       3
       3
       0
       4
       4
       4
       4
       4
       3
       2
       5
       1
       3
       5
       3
       3
       5
       6
       4
       4
       5
       6
       5
       4
       1
       2
       6
       3
       3
       1
       2
       3
       1
       4
       2
       7
       3
       3
       2
       8
       1
       4
       3
       5
       5
       9
       2
       0
       4
       4
       4
       3
       5
       3
       6
       3
       2
       2
       4
       7
       4
       5
       8
       3
       4
       2
       3
      14
       1
       3
       3
       2
       4
       2
       1
       3
       3
       6
       3
       5
       5
       1
       6
       2
       3
       2
       4
       9
       6
       6
       4
       4
       2
       4
       2
       2
       6
       6
       0
       8
       3
       2
       5
       2
       4
       5
       4
       2
       3
       5
       5
       5
       6
       3
       5
       2
       3
       5
       0
       5
       4
       3
       7
       7
       4
       2
       4
       4
       5
       2
       3
       5
       7
       1
       6
       3
       3
       1
       6
       5
       5
       5
       3
       2
       5
       2
       3
       5
       4
       3
       3
       4
       8
       3
       2
       3
       0
       2
       7
       0
       1
       3
       1
       2
       3
       3
       0
       0
       2
       2
       3
       1
       5
       2
       6
       3
       3
       2
       3
       3
       2
       2
       6
       1
       3
       0
       0
       5
       2
       2
       3
       1
       2
       1
       3
       2
       1
       5
       1
       5
       2
       3
       3
       5
       6
       4
       4
       2
       3
       3
       4
       1
       3
       1
       1
       3
       2
       2
       5
       0
       1
       2
       4
       3
       2
       2
       3
       3
       5
       4
       5
       4
       4
       1
       2
       0
       1
       3
       1
       3
       3
       2
       2
       2
       1
       7
       1
       3
       4
       2
       2
       4
       3
       2
       2
       1
       5
       3
       1
       1
       2
       4
       4
       4
       1
       3
       2
       3
       3
       4
       2
       4
       2
       2
       4
       4
       0
       2
       2
       6
       3
       4
       3
       3
       0
       2
       2
       4
       4
       1
       2
       3
       3
       1
       1
       2
       3
       1
       3
       2
       1
       2
       2
       5
       4
       6
       2
       1
       1
       1
       2
       2
       2
       4
       5
       3
       2
       4
       5
       2
       3
       2
       4
       2
       1
       3
       4
       5
       2
       4
       0
       1
       3
       1
       1
       0
       2
       1
       6
       3
       4
       0
       3
       4
       1
       3
       0
       4
       2
       3
       1
       3
       2
       2
       1
       3
       4
       3
       4
       3
       0
       4
       1
       5
       1
       6
       2
       2
       2
       0
       2
       5
       1
       0
       1
       0
       0
       4
       1
       3
       1
       0
       3
       3
       4
       2
       1
       4
       1
       1
       5
       5
       1
       0
       0
       0
       1
       2
       3
       3
       2
       1
       1
       7
       3
       1
       3
       1
       3
       1
       1
       2
       1
       2
       3
       5
       4
       1
       3
       5
       5
       3
       0
       3
       1
       1
       0
       2
       2
       4
       2
       6
       2
       4
       1
       2
       2
       3
       1
       3
       3
       3
       0
       2
       2
       4
       2
       4
       5
       2
       1
       5
       2
       8
       2
       2
       4
       3
       0
       4
       1
       3
       4
       3
       0
       3
       3
       2
       4
       2
       0
       2
       3
       0
       2
       4
       2
       4
       0
       2
       1
       3
       0
       2
       3
       2
       0
       2
       2
       0
       3
       1
       1
       2
       1
       0
       4
       1
       0
       3
       2
       2
       1
       2
       3
       3
       3
       5
       1
       1
       2
       0
       4
       0
       4
       0
       1
       2
       1
       3
       2
       1
       1
       7
       2
       1
       2
       1
       1
       2
       2
       1
       0
       1
       3
       2
       3
       5
       1
       3
       3
       1
       2
       5
       2
       3
       3
       1
       4
       2
       1
       1
       2
       3
       4
       0
       4
       3
       6
       0
       2
       2
       2
       5
       3
       2
       7
       1
       3
       1
       3
       4
       3
       3
       1
       1
       3
       1
       2
       2
       3
       0
       2
       2
       1
       1
       3
       3
       3
       2
       2
       4
       3
       2
       2
       2
       2
       7
       4
       3
       2
       5
       1
       5
       0
       5
       2
       2
       0
       1
       0
       1
       2
       0
       1
       6
       1
       2
       2
       1
       3
       1
       2
       3
       1
       4
       1
       3
       2
       2
       2
       1
       2
       1
       1
       3
       3
       1
       4
       3
       1
       3
       3
       3
       3
       3
       3
       3
       2
       1
       1
       3
       3
       3
       1
       2
       4
       5
       2
       5
       0
       1
       1
       3
       4
       2
       3
       2
       2
       3
       3
       2
       2
       3
       0
       2
       2
       1
       1
       2
       1
       1
       2
       4
       2
       2
       5
       0
       4
       2
       1
       1
       2
       2
       2
       2
       0
       1
       4
       3
       1
       3
       2
       2
       1
       1
       3
       0
       3
       1
       2
       0
       4
       0
       4
       2
       2
       2
       3
       2
       2
       1
       1
       2
       1
       3
       5
       1
       3
       3
       3
       4
       3
       3
       2
       4
       3
       7
       2
       4
       4
       3
       1
       0
       0
       2
       0
       3
       3
       1
       0
       4
       0
       0
       2
       2
       1
       6
       3
       3
       1
       0
       3
       1
       1
       3
       2
       1
       2
       4
       0
       2
       0
       1
       2
       0
       1
       0
       2
       1
       1
       1
       0
       1
       4
       1
       2
       0
       3
       3
       2
       3
       4
       1
       3
       1
       0
       1
       1
       0
       1
       2
       1
       3
       4
       2
       0
       2
       1
       2
       0
       1
       2
       0
       0
       0
       2
       2
       1
       2
       0
       2
       3
       3
       2
       1
       1
       3
       3
       1
       0
       3
       1
       1
       1
       1
       1
       1
       3
       1
       0
       1
       3
       2
       0
       0
       1
       3
       1
       2
       1
       1
       0
       3
       2
       2
       2
       3
       0
       0
       0
       1
       1
       1
       2
       1
       0
       1
       1
       1
       1
       0
       1
       1
       1
       2
       1
       0
       3
       2
       2
       0
       3
       1
       0
       1
       2
       0
       0
       1
       0
       0
       1
       0
       0
       0
       1
       0
       6
       2
       3
       3
       0
       2
       1
       1
       1
       5
       1
       2
       1
       1
       0
       2
       2
       0
       0
       2
       0
       1
       2
       1
       0
       0
       3
       2
       1
       2
       0
       2
       1
       3
       0
       3
       0
       3
       0
       1
       1
       2
       4
       1
       0
       1
       4
       1
       1
       1
       1
       0
       1
       2
       2
       0
       0
       1
       1
       1
       2
       2
       1
       0
       1
       0
       0
       2
       0
       1
       0
       0
       1
       1
       3
       2
       1
       0
       1
       1
       1
       1
       4
       0
       2
       0
       1
       2
       0
       3
       1
       1
       3
       1
       2
       1
       1
       2
       1
       0
       2
       2
       1
       2
       3
       0
       2
       2
       2
       0
       1
       4
       0
       3
       1
       2
       1
       0
       4
       0
       2
       2
       0
       5
       2
       1
       2
       4
       2
       1
       0
       0
       0
       0
       0
       0
       0
       0
       0
       0
       0
       0
       0
       0
       0
       0
       0
       0
       0
       0
       0
       0
       0
       0
       0
       0
       0
       0
       0
       0
       0
       0
       0
       0
       0
       0
       0
       0
       0
       0
       0
       0
       0
       0
       0
       0
       0
       0
       0
       0
       0
       0
       0
       0
       0
       0
       0
       0
       0
       0
       0
       0
       0
       0
       0
       0
       0
       0
       0
       0
$ROI:
0
$PRESETS:
Live Time
1127
0
$ENER_FIT:
-1.026383 0.465443
$MCA_CAL:
3
-1.026383E+000 4.654429E-001 1.540903E-004 keV
$SHAPE_CAL:
3
0.000000E+000 0.000000E+000 0.000000E+000
