$SPEC_ID:
none
$SPEC_REM:
DET# 1
DETDESC# Donnie Sheehan III - Easy-MCA-2k SN 14163589
AP# Maestro Version 7.01
$DATE_MEA:
10/04/2022 14:57:15
$MEAS_TIM:
300 300
$DATA:
0 2047
       0
       0
       0
       0
       0
       0
       0
       0
       0
       0
       0
       0
       0
       0
       0
       0
       0
       0
       0
       0
       0
       0
       0
       0
       0
       0
       0
       0
       0
       0
       0
       0
       0
       0
       0
       0
       0
       0
       0
       2
       3
       9
       5
      10
       4
       8
       5
       2
       3
       6
      10
       5
       2
       6
       9
       7
       7
       3
      10
       5
       8
      14
       8
       5
       7
       8
       7
      12
       5
       6
       6
       7
       7
       8
       8
       5
      12
       9
      10
       9
       3
       5
       7
       3
       6
       5
       6
       4
      15
       6
       6
       9
      11
      10
      15
      10
      13
      13
      10
       6
       9
       8
       8
       7
       9
       7
       8
       9
      18
       7
       7
       9
      13
      10
      13
       9
       5
       8
       8
      10
      14
      11
      12
      12
      10
      11
      17
      11
      11
      16
      20
      11
      22
      20
      23
      14
      26
      20
      28
      24
      19
      20
      24
      24
      29
      27
      27
      40
      29
      30
      36
      32
      40
      30
      41
      26
      41
      38
      35
      34
      29
      37
      26
      24
      20
      34
      35
      34
      33
      29
      26
      30
      21
      27
      28
      31
      25
      29
      20
      22
      28
      25
      23
      23
      23
      27
      28
      29
      25
      17
      28
      28
      28
      26
      22
      32
      22
      21
      31
      24
      28
      25
      28
      21
      26
      19
      21
      28
      22
      24
      27
      31
      28
      22
      20
      28
      31
      21
      19
      30
      29
      24
      30
      32
      33
      21
      27
      29
      25
      27
      24
      22
      34
      23
      30
      25
      24
      27
      30
      19
      22
      31
      26
      28
      25
      18
      22
      35
      26
      31
      29
      20
      26
      24
      29
      31
      24
      28
      27
      21
      29
      27
      25
      20
      14
      25
      30
      15
      27
      21
      23
      24
      22
      24
      21
      17
      38
      23
      34
      20
      18
      21
      30
      15
      17
      23
      27
      32
      27
      20
      27
      24
      15
      23
      22
      19
      21
      15
      22
      28
      32
      23
      21
      24
      12
      25
      18
      23
      28
      28
      16
      24
      25
      14
      21
      22
      23
       9
      18
      23
      12
      15
      24
      15
      30
      16
      12
      25
      20
      16
      19
      15
      12
      21
      24
      15
      22
      24
      16
      14
      22
      27
      20
      20
      24
      15
      28
      18
      16
      25
      12
      11
      20
      28
      22
      15
      19
      21
      16
      19
      22
      15
      15
      25
      18
      13
      19
      14
      15
      17
      13
      21
      24
      23
      22
      20
      31
      22
      13
      14
      26
      19
      17
      16
      22
      16
      20
      14
      19
      23
      21
      17
      18
      20
      15
      15
      18
       7
      21
      13
      21
      14
      20
      18
      18
      12
      14
      10
      11
      12
      16
      11
      14
      17
      14
      14
      20
      14
      18
      21
      18
      11
      28
      15
      21
      26
      17
      14
      21
      20
      15
      21
      20
      23
       8
       9
      13
      11
      13
      21
      15
      16
      16
      13
      12
      13
      17
      21
       8
      18
      14
      20
      10
      20
      21
      17
      17
      15
      14
      11
      26
      10
      10
      11
      18
      21
      14
      15
      16
      18
      18
      17
      10
      10
      14
      17
      13
      15
      14
      24
      15
      14
      12
      15
      10
      16
      15
      12
      15
      16
      18
      22
      15
      17
      20
      16
      15
      13
      14
      14
      15
      14
      19
      21
      18
      25
      16
      22
      16
      11
      13
      16
      24
      22
      22
      25
      26
      20
      19
      15
      22
      13
      22
      22
      15
      21
      22
      27
      27
      25
      15
      19
      19
      27
      36
      29
      34
      30
      29
      21
      31
      29
      28
      24
      27
      32
      21
      18
      23
      31
      33
      25
      31
      30
      24
      36
      15
      27
      19
      31
      23
      24
      23
      23
      30
      29
      27
      21
      31
      25
      18
      19
      16
      21
      34
      27
      26
      29
      39
      21
      22
      13
      19
      22
      19
      19
      24
      22
      27
      24
      18
      21
      26
      19
      25
      19
      20
      13
      19
      22
      18
      22
      24
      15
      23
      20
      19
      20
      17
      14
      23
      12
      16
      11
      16
      15
      18
      15
      10
      14
      15
      15
      10
      11
       5
      12
      15
      15
      14
      13
      16
      13
      17
      20
      11
      14
       8
      10
      12
      11
      11
       9
       9
      11
      13
      12
       8
       8
      16
       9
       7
      10
      13
       8
       6
       9
      10
      11
      12
       8
       8
       7
       7
       8
       9
       6
       8
      14
       4
       7
       5
       7
       3
       6
       8
       8
       5
       6
       6
       7
       5
       5
      10
      12
      10
       6
       6
       3
       6
      12
       3
      11
       3
      12
       7
       6
       9
       1
       8
       5
       4
      10
       6
       8
       9
       3
       4
       2
       7
       5
       5
       6
       3
       2
       3
       4
       3
       5
       6
       4
       6
       8
       6
       4
       3
       6
       6
       5
       4
      10
       1
       8
       7
       3
       6
       4
       4
       4
       3
       4
       2
       1
       6
       1
       5
       4
       3
       7
       3
       5
       4
       4
       6
       3
       6
       4
       2
       3
       7
       3
       3
       4
       4
       2
       2
       3
       5
       4
       5
       2
       5
       9
       4
       5
       5
       2
       5
       7
       2
       3
       2
       5
       4
       3
       3
       3
       1
       2
       3
       2
       6
       3
       6
       2
       2
       7
       3
       3
       2
       8
       5
       3
       1
       4
       3
       8
       1
       1
       7
       3
       3
       1
       9
      10
       5
       4
       3
       5
       1
       5
       3
       3
       6
       3
       3
       4
       4
       8
       7
       5
       5
       6
       2
       1
       5
       6
       4
       5
       6
       2
       4
       4
       1
       5
       6
       4
       7
       3
       2
       3
       4
       5
       1
       9
       1
      10
       5
       6
       4
       2
       3
       3
       8
       2
       5
       5
       3
       4
       9
       4
       5
       3
       3
       4
       5
      10
       6
       5
       5
       6
       8
       3
       7
       3
       3
       3
       5
       2
       7
       4
       7
       6
       6
       4
       4
       4
       3
       3
       4
       3
       8
       3
       5
       3
       5
       7
       5
       2
       4
       4
       8
       5
       2
       8
       6
       6
       4
       6
       5
       4
       6
       4
       6
       3
       1
       4
       4
       7
       6
       5
       3
       4
       1
       3
       1
       5
       4
       5
       2
       2
       4
       6
       6
       5
       3
       8
       5
       4
       3
       1
       3
       8
       6
       4
       9
       3
       5
       6
       5
       3
       4
       6
       6
       7
       3
       6
       5
       2
       4
       5
       3
       5
       7
       3
       8
       4
       2
       6
       6
       3
       7
       7
       1
       4
       5
       4
       0
       4
       2
       5
       3
       3
       6
       9
       3
       2
       2
      10
       1
       4
       1
       1
       6
       2
       5
       3
       2
       9
       3
       0
       4
       7
       4
       3
       5
       0
       4
       4
       3
       2
       4
       5
       4
       5
       4
       1
       2
       2
       3
       2
       3
       1
       6
       7
       4
       5
       1
       3
       5
       3
       1
       6
       3
       2
       7
       8
       4
       4
       2
       3
       3
       1
       5
       4
       3
       2
       4
       2
       5
       3
       3
       2
       3
       3
       6
       3
       1
       8
       4
       0
       0
       0
       3
       4
       4
       2
       4
       2
       3
       1
       4
       3
       2
       6
       3
       2
       2
       1
       3
       4
       6
       2
       5
       3
       8
       2
       1
       5
       3
       4
       6
       2
       2
       5
       1
       4
       4
       2
       1
       2
       4
       6
       2
       4
       3
       3
       2
       3
       3
       5
       2
       2
       1
       3
       5
       5
       1
       5
       3
       3
       2
       4
       1
       5
       2
       5
       3
       3
       2
       5
       4
       5
       4
       2
       4
       5
       4
       1
       4
       1
       2
       4
       4
       0
       4
       7
       1
       3
       3
       3
       4
       6
       4
       4
       1
       1
       6
       3
       1
       2
       1
       3
       6
       3
       2
       2
       1
       2
       1
       1
       3
       5
       2
       2
       3
       0
       3
       3
       6
       3
       5
       4
       3
       3
       2
       2
       5
       4
       1
       5
       5
       2
       1
       2
       2
       1
       3
       2
       1
       3
       1
       2
       3
       3
       3
       2
       2
       2
       3
       3
       3
       4
       2
       2
       4
       1
       3
       3
       2
       5
       3
       2
       1
       2
       2
       3
       1
       2
       2
       2
       1
       3
       2
       3
       2
       3
       2
       0
       3
       2
       2
       3
       3
       1
       1
       0
       3
       5
       4
       3
       5
       3
       1
       4
       0
       1
       5
       2
       3
       3
       3
       1
       2
       2
       0
       1
       4
       3
       1
       2
       1
       1
       6
       0
       1
       2
       2
       2
       2
       2
       3
       1
       2
       2
       2
       4
       0
       3
       5
       4
       2
       2
       0
       3
       0
       2
       2
       2
       2
       1
       0
       1
       2
       2
       2
       3
       1
       3
       2
       2
       4
       4
       4
       2
       4
       2
       2
       1
       1
       3
       1
       2
       3
       0
       3
       2
       2
       3
       4
       2
       5
       2
       5
       4
       5
       6
       3
       2
       3
       0
       3
       0
       3
       2
       3
       0
       3
       0
       3
       2
       1
       1
       1
       4
       1
       4
       2
       1
       1
       2
       1
       3
       3
       3
       2
       0
       0
       3
       4
       0
       2
       0
       5
       2
       1
       2
       1
       4
       2
       5
       2
       3
       3
       2
       1
       2
       3
       2
       0
       0
       1
       2
       3
       2
       1
       3
       3
       3
       4
       1
       0
       0
       4
       2
       4
       3
       2
       1
       0
       2
       1
       2
       3
       1
       2
       0
       2
       0
       4
       2
       2
       3
       2
       5
       1
       3
       4
       1
       2
       0
       1
       1
       5
       1
       1
       4
       3
       3
       3
       2
       3
       0
       3
       3
       2
       3
       0
       3
       1
       3
       4
       2
       2
       0
       0
       2
       1
       3
       6
       1
       3
       1
       3
       4
       0
       4
       2
       0
       2
       1
       3
       2
       2
       1
       5
       3
       1
       4
       3
       1
       0
       1
       2
       4
       2
       3
       1
       2
       5
       3
       1
       1
       0
       3
       3
       0
       5
       5
       2
       0
       1
       3
       4
       0
       4
       1
       5
       2
       4
       1
       3
       1
       2
       2
       4
       2
       5
       5
       1
       3
       1
       0
       2
       0
       1
       1
       4
       3
       4
       0
       1
       3
       2
       2
       2
       3
       3
       1
       3
       2
       2
       2
       1
       2
       0
       6
       2
       3
       2
       0
       6
       0
       3
       1
       4
       3
       1
       5
       1
       2
       1
       1
       2
       2
       3
       1
       1
       2
       3
       2
       0
       1
       1
       1
       2
       2
       3
       4
       4
       4
       6
       2
       1
       0
       0
       1
       3
       2
       5
       1
       2
       4
       1
       2
       1
       1
       1
       4
       0
       0
       0
       2
       3
       1
       5
       6
       3
       0
       2
       2
       3
       2
       3
       2
       1
       2
       1
       5
       2
       1
       3
       1
       2
       3
       3
       1
       1
       3
       2
       1
       2
       2
       3
       1
       4
       1
       2
       0
       4
       2
       2
       3
       1
       4
       2
       1
       4
       2
       4
       2
       2
       2
       4
       1
       2
       3
       2
       4
       0
       1
       0
       1
       0
       5
       1
       6
       1
       1
       0
       2
       6
       3
       3
       3
       1
       4
       0
       2
       2
       1
       2
       0
       0
       1
       2
       3
       1
       3
       2
       0
       0
       3
       2
       3
       2
       3
       5
       3
       1
       0
       1
       4
       2
       2
       4
       3
       5
       0
       6
       2
       0
       1
       2
       2
       0
       2
       4
       3
       3
       3
       0
       0
       2
       1
       0
       6
       1
       2
       2
       1
       1
       2
       2
       2
       0
       1
       4
       1
       0
       2
       1
       1
       3
       1
       2
       2
       0
       1
       3
       0
       0
       0
       0
       0
       1
       6
       2
       3
       3
       1
       4
       2
       1
       1
       1
       2
       2
       2
       0
       2
       1
       0
       3
       1
       1
       2
       1
       0
       3
       2
       0
       2
       1
       0
       0
       1
       0
       2
       0
       2
       0
       1
       1
       1
       1
       0
       2
       3
       1
       0
       2
       4
       1
       1
       1
       1
       2
       4
       1
       1
       1
       0
       2
       2
       2
       0
       1
       0
       1
       0
       1
       2
       2
       0
       1
       2
       2
       2
       1
       1
       1
       2
       0
       0
       0
       1
       1
       0
       1
       0
       1
       1
       0
       0
       2
       0
       1
       1
       0
       2
       0
       0
       0
       1
       1
       3
       1
       1
       2
       0
       1
       0
       2
       0
       1
       1
       0
       0
       1
       0
       0
       2
       1
       1
       1
       0
       2
       0
       1
       0
       3
       1
       2
       0
       0
       3
       1
       2
       1
       1
       2
       1
       1
       1
       3
       0
       1
       3
       1
       0
       0
       0
       1
       4
       1
       0
       1
       1
       1
       0
       1
       3
       1
       3
       0
       1
       4
       0
       2
       2
       1
       2
       1
       2
       1
       5
       5
       0
       2
       5
       2
       2
       1
       0
       1
       5
       0
       1
       0
       1
       2
       4
       1
       2
       1
       0
       3
       1
       0
       3
       2
       3
       3
       2
       1
       3
       2
       1
       2
       6
       1
       2
       4
       0
       1
       4
       2
       1
       1
       1
       1
       0
       0
       0
       0
       0
       0
       0
       0
       0
       0
       0
       0
       0
       0
       0
       0
       0
       0
       0
       0
       0
       0
       0
       0
       0
       0
       0
       0
       0
       0
       0
       0
       0
       0
       0
       0
       0
       0
       0
       0
       0
       0
       0
       0
       0
       0
       0
       0
       0
       0
       0
       0
       0
       0
       0
       0
       0
       0
       0
       0
       0
       0
       0
       0
       0
       0
       0
$ROI:
0
$PRESETS:
Live Time
1127
0
$ENER_FIT:
-1.026383 0.465443
$MCA_CAL:
3
-1.026383E+000 4.654429E-001 1.540903E-004 keV
$SHAPE_CAL:
3
0.000000E+000 0.000000E+000 0.000000E+000
