$SPEC_ID:
none
$SPEC_REM:
DET# 1
DETDESC# Donnie Sheehan III - Easy-MCA-2k SN 14163589
AP# Maestro Version 7.01
$DATE_MEA:
10/04/2022 15:02:55
$MEAS_TIM:
302 302
$DATA:
0 2047
       0
       0
       0
       0
       0
       0
       0
       0
       0
       0
       0
       0
       0
       0
       0
       0
       0
       0
       0
       0
       0
       0
       0
       0
       0
       0
       0
       0
       0
       0
       0
       0
       0
       0
       0
       0
       0
       0
       0
       3
       1
       4
       8
       5
       3
       8
       3
       6
       5
       9
       7
       4
       5
       8
       6
       9
       5
       6
       8
       5
       7
       4
      10
      10
       3
       8
       7
      11
       6
       9
      11
      11
      11
       7
      13
       9
       3
       6
       6
       7
       3
       8
       3
       7
       2
       5
       5
       8
      10
       7
       9
       5
       6
       8
      11
      10
       8
      13
      10
      10
       6
       7
       7
       7
       8
      11
      17
      10
       8
      11
      14
       6
      15
      10
       5
      20
      11
      11
      14
      19
       8
      10
      12
       7
      14
      12
      12
      14
      12
      17
      15
      10
      14
      13
      15
      15
      19
      23
      15
      29
      26
      24
      25
      16
      43
      29
      40
      28
      33
      29
      25
      27
      32
      26
      34
      34
      38
      25
      36
      36
      29
      26
      26
      33
      25
      30
      22
      36
      34
      33
      32
      22
      35
      28
      25
      37
      29
      19
      25
      33
      28
      25
      18
      31
      21
      27
      18
      19
      28
      26
      33
      25
      23
      16
      32
      23
      21
      23
      30
      30
      35
      20
      30
      31
      35
      22
      23
      25
      23
      34
      17
      27
      33
      23
      34
      30
      29
      26
      27
      21
      23
      28
      24
      18
      34
      19
      15
      26
      20
      22
      24
      27
      24
      25
      27
      20
      20
      30
      29
      26
      21
      27
      28
      33
      23
      40
      24
      29
      29
      20
      28
      28
      28
      25
      34
      23
      24
      18
      21
      34
      26
      28
      29
      29
      35
      26
      24
      34
      31
      28
      17
      21
      15
      23
      25
      22
      19
      26
      24
      24
      27
      15
      21
      27
      27
      30
      24
      28
      20
      27
      21
      21
      27
      24
      19
      31
      32
      18
      28
      25
      23
      15
      23
      22
      21
      33
      21
      28
      21
      21
      20
      19
      13
      22
      24
      20
      26
      14
      14
      19
      18
      20
      22
      24
      19
      16
      13
      18
      16
      20
      20
      19
      17
      19
      20
      20
      19
      16
      20
      24
      18
      20
      21
      23
      24
      16
      18
      21
      19
      21
      27
      26
      20
      22
      20
      17
      19
      22
      19
      15
      21
      21
      15
      14
      22
      19
      14
      15
      20
      13
      10
      17
      18
      16
      15
      22
      14
      23
      15
      15
      17
       7
      21
      21
      20
      23
      20
      14
      13
      22
      13
      21
      31
      17
      20
      14
      19
      16
      13
      17
      19
      17
      20
      11
      18
      12
      18
      15
      18
      13
      13
      18
      19
      12
      10
      15
       8
      21
      15
       9
      19
      19
       9
      15
      22
      10
      25
      23
       7
       9
      16
      16
      15
      22
      18
      11
      15
      18
      14
      15
      28
      27
      24
      22
      21
      13
       7
      14
      17
      16
      11
      20
      22
      13
      22
      25
      26
      19
      15
      16
       5
      25
      17
      21
      16
      12
      23
      18
      22
      17
      23
      19
      24
      30
      17
      19
      23
      23
      29
      16
      17
      20
      18
      20
      24
      27
      22
      31
      14
      26
      25
      21
      32
      25
      29
      29
      17
      16
      22
      24
      25
      28
      20
      29
      25
      20
      25
      28
      19
      27
      21
      20
      32
      31
      21
      18
      30
      25
      25
      22
      22
      22
      19
      23
      33
      28
      27
      25
      26
      29
      35
      23
      13
      31
      31
      21
      23
      20
      23
      23
      24
      22
      27
      19
      18
      16
      14
      21
      25
      22
      19
      20
      23
      20
      27
      15
      23
      25
      20
      22
      20
      14
      20
      16
      18
      17
      14
      15
      16
      14
      16
      16
      16
      13
      18
      18
       7
       9
      14
      15
      13
      10
       7
      18
      18
      10
      22
      20
      10
      14
       8
      17
      11
       8
      12
       8
       3
      13
       9
       8
       9
       3
      12
       3
      15
       9
      10
       4
      10
      12
       8
      14
       8
       9
       9
      12
      10
       8
       4
       8
       7
       5
       4
      10
       7
       8
       9
       5
       7
       8
       6
       7
       9
      11
       6
       6
       5
       6
      10
       7
       4
      14
       8
       6
       3
       6
       5
       7
       7
      10
       6
      10
       7
       4
       4
      10
       5
       8
       6
       4
       5
       3
       6
       6
       2
       9
       4
       4
       4
       7
       6
       3
       6
       5
       7
       2
       5
       5
       5
       4
       6
       5
       7
       4
       7
      10
       2
       5
       3
      15
       7
       4
       2
       4
       8
       4
       8
       5
       5
       7
       4
       8
       4
       3
       4
       4
       4
       1
       6
       3
       5
       1
       3
       5
       5
       6
       6
       4
       6
       4
       3
       5
       5
       1
       7
       2
       3
       4
       5
       5
       2
       3
       1
       4
       3
       6
       2
       5
       6
       8
       4
       2
       4
       4
       2
       3
       2
       2
       8
       5
       4
       5
       2
       3
       6
       7
       2
       3
       4
       6
       3
       5
       2
       5
       4
       5
       2
       7
       2
       3
       3
       3
       5
       3
       4
       8
       2
       4
       2
       4
       5
       6
       2
       4
       2
       3
       6
       5
       4
       3
       4
       4
       6
       1
       3
       2
       4
       4
       3
       4
       3
       1
       5
       5
       7
       2
       3
       4
       4
       3
       6
      11
       3
       3
       3
       5
       2
       3
       4
       5
       2
       4
       3
       1
       4
       2
       6
       7
       5
       4
       3
       7
       5
       3
       8
       5
      10
       3
       5
       5
       3
       2
       3
       5
       8
       4
       5
       5
       2
       4
       2
       9
       3
       5
       3
       2
       3
       3
       3
       4
       9
       9
       5
       5
       6
       3
       6
       5
       3
       6
       3
       7
       7
       6
       2
       8
       5
       3
       8
       4
       6
       6
       6
       3
       3
       6
       2
       5
       6
       7
       9
       3
       4
       4
       8
       5
       2
       1
       4
       7
       3
       4
       5
       2
      10
       5
       7
       4
       4
       7
       1
       3
       4
       1
       3
       4
       5
       2
       6
       3
       2
       6
       4
       6
       3
       3
       6
       3
       7
       4
       0
       3
       3
       2
       1
       3
       4
       3
       2
       5
       1
       5
       3
       3
       2
       3
       2
       4
       3
       4
       2
       2
       3
       3
       3
       5
       1
       2
       6
       5
       4
       6
       5
       1
       4
       2
       3
       1
       3
       2
       4
       2
       4
       9
       5
       6
       2
       4
       3
       2
       6
       2
       5
       9
       7
       5
       6
       4
       7
       4
       4
       1
       5
       2
       8
       5
       6
       9
       3
       6
       4
       5
       4
       2
       1
       2
       8
       1
       4
       5
       4
       2
       6
       1
       4
       7
       2
       5
       3
       2
       7
       3
       4
       5
       1
       6
       3
       3
       3
       3
       5
       2
       5
       4
       4
       2
       5
       3
       5
       1
       2
       5
       4
       1
       2
       6
       3
       1
       5
       5
       3
       2
       2
       3
       4
      10
       3
       4
       5
       5
       3
       3
       1
       3
       6
       5
       2
       4
       2
       7
       4
       4
       3
       2
       5
       3
       2
       3
       1
       5
       2
       2
       1
       3
       4
       0
       8
       7
       7
       4
       7
       2
       3
       3
       2
       2
       2
       1
       3
       2
       4
       1
       0
       1
       2
       3
       2
       3
       3
       1
       4
       4
       5
       3
       2
       1
       1
       3
       4
       5
       3
       1
       0
       6
       5
       3
       2
       1
       3
       4
       3
       1
       4
       2
       3
       5
       0
       2
       3
       3
       5
       2
       4
       5
       3
       0
       3
       0
       7
       2
       2
       2
       0
       1
       3
       4
       2
       2
       3
       2
       2
       3
       3
       2
       1
       6
       0
       4
       4
       3
       3
       5
       2
       5
       2
       4
       1
       1
       4
       3
       4
       3
       2
       2
       1
       2
       1
       3
       3
       2
       2
       2
       0
       2
       0
       1
       0
       1
       8
       4
       0
       1
       2
       1
       3
       1
       3
       5
       3
       5
       2
       2
       3
       6
       2
       3
       2
       5
       4
       5
       2
       4
       4
       2
       2
       2
       1
       0
       4
       1
       8
       3
       2
       1
       3
       1
       1
       3
       3
       3
       1
       1
       2
       3
       3
       5
       2
       4
       1
       3
       3
       2
       0
       1
       3
       6
       1
       1
       3
       1
       3
       0
       1
       5
       1
       2
       2
       2
       6
       3
       0
       2
       3
       3
       4
       1
       3
       3
       3
       3
       0
       2
       3
       7
       3
       3
       3
       1
       3
       3
       5
       4
       1
       0
       0
       6
       4
       2
       1
       3
       1
       1
       0
       3
       2
       2
       2
       5
       2
       1
       1
       5
       1
       4
       2
       4
       3
       3
       2
       4
       3
       0
       3
       1
       8
       3
       2
       2
       3
       1
       1
       0
       2
       3
       3
       4
       2
       4
       4
       2
       5
       0
       1
       1
       1
       2
       1
       1
       2
       3
       4
       1
       3
       4
       2
       3
       1
       7
       1
       0
       1
       3
       2
       3
       1
       3
       4
       1
       0
       2
       3
       2
       0
       3
       0
       2
       2
       5
       2
       0
       3
       0
       4
       2
       2
       2
       4
       1
       4
       0
       1
       1
       1
       3
       1
       3
       3
       3
       1
       2
       2
       1
       1
       1
       0
       3
       1
       2
       3
       3
       2
       1
       1
       1
       2
       4
       2
       0
       3
       2
       3
       1
       3
       2
       4
       1
       4
       6
       3
       2
       6
       2
       3
       2
       1
       2
       1
       3
       2
       2
       5
       5
       3
       1
       1
       0
       1
       1
       3
       4
       3
       5
       1
       1
       4
       2
       2
       4
       0
       2
       5
       1
       1
       2
       1
       3
       2
       0
       1
       1
       6
       0
       4
       4
       3
       3
       3
       3
       4
       0
       3
       1
       1
       1
       3
       5
       4
       0
       1
       4
       4
       5
       7
       4
       3
       5
       2
       5
       0
       1
       1
       3
       3
       0
       0
       1
       5
       1
       0
       3
       4
       2
       1
       4
       2
       4
       1
       2
       2
       2
       2
       2
       2
       2
       1
       4
       3
       2
       5
       3
       2
       2
       0
       2
       2
       1
       3
       2
       3
       1
       1
       0
       2
       3
       2
       4
       0
       0
       1
       4
       2
       5
       2
       1
       3
       1
       1
       2
       1
       4
       4
       1
       2
       2
       2
       3
       3
       3
       2
       1
       2
       1
       1
       2
       4
       1
       1
       2
       4
       3
       3
       1
       1
       4
       2
       3
       2
       5
       2
       0
       3
       3
       6
       1
       1
       4
       3
       3
       2
       2
       2
       5
       4
       0
       3
       1
       2
       1
       2
       2
       1
       2
       4
       3
       2
       4
       1
       0
       1
       0
       3
       2
       5
       1
       4
       2
       4
       4
       2
       1
       0
       5
       2
       1
       2
       2
       2
       2
       1
       2
       3
       4
       4
       2
       2
       4
       3
       1
       3
       3
       2
       0
       0
       1
       0
       0
       2
       0
       1
       2
       0
       3
       3
       1
       1
       1
       5
       5
       2
       2
       1
       1
       1
       2
       2
       3
       2
       2
       0
       3
       0
       1
       3
       0
       1
       2
       3
       1
       1
       3
       2
       0
       5
       1
       2
       1
       2
       2
       2
       0
       3
       1
       2
       2
       0
       0
       2
       3
       2
       5
       1
       1
       0
       2
       1
       2
       4
       1
       1
       2
       2
       1
       2
       1
       2
       1
       0
       1
       0
       1
       3
       1
       0
       0
       3
       1
       1
       1
       4
       1
       2
       1
       0
       0
       1
       4
       1
       0
       2
       1
       1
       4
       1
       3
       1
       1
       4
       1
       4
       2
       0
       1
       1
       0
       3
       4
       3
       1
       0
       2
       1
       0
       0
       1
       2
       1
       1
       0
       1
       1
       1
       1
       3
       1
       2
       2
       2
       2
       0
       1
       1
       0
       0
       1
       2
       0
       2
       2
       1
       1
       2
       1
       1
       0
       2
       0
       0
       3
       1
       1
       1
       2
       1
       0
       1
       2
       2
       0
       2
       2
       1
       2
       0
       1
       4
       0
       2
       1
       1
       3
       1
       1
       2
       1
       1
       1
       0
       1
       1
       0
       0
       4
       1
       2
       1
       1
       0
       0
       1
       2
       0
       0
       0
       1
       2
       0
       4
       2
       1
       0
       1
       3
       1
       2
       1
       1
       0
       1
       0
       1
       0
       3
       0
       0
       0
       1
       0
       0
       2
       1
       1
       3
       1
       0
       0
       1
       1
       0
       0
       0
       2
       1
       0
       1
       1
       2
       1
       0
       1
       1
       1
       2
       2
       2
       0
       1
       0
       0
       0
       1
       0
       0
       0
       2
       2
       2
       0
       2
       2
       3
       1
       0
       1
       1
       1
       2
       1
       2
       1
       2
       2
       2
       0
       1
       1
       2
       2
       1
       2
       1
       1
       0
       1
       1
       0
       0
       3
       2
       1
       2
       2
       2
       1
       1
       2
       2
       2
       1
       3
       1
       0
       2
       3
       2
       2
       1
       1
       0
       6
       2
       0
       3
       3
       0
       0
       2
       4
       2
       0
       1
       0
       0
       0
       0
       0
       0
       0
       0
       0
       0
       0
       0
       0
       0
       0
       0
       0
       0
       0
       0
       0
       0
       0
       0
       0
       0
       0
       0
       0
       0
       0
       0
       0
       0
       0
       0
       0
       0
       0
       0
       0
       0
       0
       0
       0
       0
       0
       0
       0
       0
       0
       0
       0
       0
       0
       0
       0
       0
       0
       0
       0
       0
       0
       0
       0
       0
       0
       0
$ROI:
0
$PRESETS:
Live Time
1127
0
$ENER_FIT:
-1.026383 0.465443
$MCA_CAL:
3
-1.026383E+000 4.654429E-001 1.540903E-004 keV
$SHAPE_CAL:
3
0.000000E+000 0.000000E+000 0.000000E+000
