$SPEC_ID:
none
$SPEC_REM:
DET# 1
DETDESC# Donnie Sheehan III - Easy-MCA-2k SN 14163589
AP# Maestro Version 7.01
$DATE_MEA:
09/29/2022 15:39:14
$MEAS_TIM:
300 300
$DATA:
0 2047
       0
       0
       0
       0
       0
       0
       0
       0
       0
       0
       0
       0
       0
       0
       0
       0
       0
       0
       0
       0
       0
       0
       0
       0
       0
       0
       0
       0
       0
       0
       0
       0
       0
       0
       0
       0
       0
       0
       0
      18
      23
      31
      36
      27
      46
      50
      63
      66
      71
      81
     114
     148
     180
     247
     297
     327
     405
     492
     537
     609
     666
     688
     735
     742
     720
     655
     644
     632
     510
     526
     425
     343
     302
     244
     209
     156
     160
     121
     107
      84
      78
      57
      59
      32
      40
      27
      30
      37
      32
      33
      46
      35
      35
      36
      27
      52
      41
      49
      59
      52
      51
      54
      53
      59
      48
      53
      52
      61
      50
      51
      48
      51
      48
      49
      46
      34
      35
      42
      33
      38
      51
      43
      49
      48
      44
      60
      59
      51
      65
      70
      75
      60
      68
      79
      79
      79
      93
     114
      99
     116
     127
     132
     155
     175
     148
     201
     199
     203
     266
     224
     251
     261
     285
     290
     291
     306
     283
     288
     323
     277
     285
     248
     232
     244
     247
     237
     188
     208
     181
     136
     134
     118
     100
      94
      86
      82
      61
      63
      43
      39
      37
      36
      35
      33
      28
      29
      15
      30
      24
      27
      19
      23
      27
      22
      23
      24
      25
      26
      28
      33
      27
      27
      28
      29
      36
      26
      30
      32
      27
      29
      32
      18
      32
      33
      33
      33
      30
      28
      39
      27
      34
      27
      27
      34
      21
      33
      27
      33
      24
      27
      25
      21
      26
      29
      26
      28
      31
      24
      29
      17
      23
      19
      22
      27
      34
      20
      30
      24
      31
      22
      25
      28
      32
      29
      27
      25
      27
      27
      22
      30
      36
      30
      34
      29
      25
      19
      21
      47
      41
      27
      38
      36
      33
      33
      33
      39
      34
      28
      42
      33
      48
      39
      44
      26
      40
      39
      39
      42
      40
      49
      39
      40
      49
      41
      37
      40
      38
      36
      41
      31
      37
      37
      25
      16
      37
      34
      34
      38
      29
      34
      39
      41
      27
      28
      36
      34
      33
      33
      38
      30
      36
      30
      32
      37
      27
      29
      29
      40
      27
      23
      32
      29
      32
      29
      37
      29
      33
      36
      29
      27
      28
      30
      25
      26
      16
      39
      25
      34
      32
      33
      35
      35
      29
      30
      34
      25
      17
      24
      25
      28
      15
      24
      20
      25
      22
      21
      19
      23
      28
      22
      15
      25
      25
      30
      20
      20
      23
      17
      20
      21
      23
      18
      34
      25
      22
      22
      23
      32
      18
      32
      22
      25
      17
      20
      18
      28
      29
      32
      25
      28
      23
      21
      23
      25
      20
      21
      18
      19
      20
      24
      25
      19
      25
      27
      17
      15
      20
      24
      21
      19
      18
      22
      11
      19
      13
      15
      13
      22
      30
      22
      24
      17
      23
      24
      20
      22
      19
      21
      21
      21
      22
      27
      33
      25
      23
      27
      22
      27
      26
      27
      19
      26
      18
      37
      33
      40
      31
      32
      40
      36
      30
      37
      30
      35
      45
      46
      40
      39
      46
      38
      39
      44
      35
      38
      33
      42
      35
      39
      39
      43
      52
      42
      52
      55
      61
      33
      44
      50
      55
      53
      47
      61
      44
      50
      57
      56
      62
      59
      55
      44
      50
      70
      63
      70
      54
      59
      63
      56
      66
      51
      53
      56
      47
      56
      53
      55
      50
      50
      46
      48
      54
      37
      56
      47
      44
      45
      36
      51
      48
      49
      44
      47
      40
      41
      36
      48
      41
      36
      36
      38
      38
      35
      45
      46
      52
      32
      60
      51
      47
      43
      51
      49
      66
      50
      64
      65
      71
      45
      64
      72
      71
      80
      73
      84
      81
      79
      74
      90
      78
     102
      96
     101
     113
     107
      92
     103
     112
     113
     114
     104
     107
     104
     107
     115
     124
     139
     127
     152
     131
     136
     121
     138
     106
     107
     119
     112
     125
     107
     116
     120
     124
     125
     109
     105
     125
     111
      98
     103
     102
      80
      81
      90
      84
      83
     106
      84
      87
      80
      78
      65
      80
      60
      67
      57
      71
      71
      54
      66
      63
      52
      66
      56
      61
      55
      51
      68
      59
      40
      38
      37
      41
      46
      35
      29
      32
      41
      26
      38
      39
      29
      26
      37
      27
      28
      23
      21
      24
      25
      24
      23
      26
      16
      14
      21
      19
      19
      17
      20
      21
      14
      20
      21
      13
      14
      25
      16
      16
      11
      19
      14
       8
      16
      18
      22
      12
      10
       8
      12
      14
      15
      11
      11
      13
      10
      11
      11
      12
       3
      11
      10
      12
      12
       7
      11
       8
       6
       8
       8
       9
       6
      11
       9
       8
       9
       8
      10
       8
      10
       8
       6
       6
       5
       2
       7
       8
       8
       5
       9
       4
       9
       8
       6
       8
       7
       9
       9
       5
       8
       8
       3
       6
       8
      11
       3
       8
      10
       3
      10
       4
       8
       6
       6
       8
       8
       5
       6
       4
       7
       4
       3
       4
       2
       2
       2
       4
       5
       4
       5
       5
       2
       3
       4
       1
       5
       1
       3
       2
       7
       7
       8
       3
       3
       7
       4
       5
       4
       2
       1
       9
       6
       5
       5
       6
       4
       4
       4
       7
       2
       8
       3
       6
       7
       2
       2
       3
       6
       5
       4
       5
       6
       4
       2
       1
       3
       5
       5
       6
       6
       5
       4
       5
       3
       5
       1
       7
       5
       2
       7
       4
       3
       5
       5
       8
       5
       3
       0
       4
       3
       6
       5
       2
       3
       3
       2
       5
       4
       5
       5
       7
       3
       4
       8
       2
       6
       3
       2
       3
       2
       4
       3
       8
       4
       4
       2
       5
       7
       3
       4
       1
       3
       4
       5
       1
       5
       3
       7
       3
       8
       2
       3
       4
       6
       4
       1
       5
       4
       2
       7
       6
       3
       1
       4
       3
       4
       3
       0
       5
       4
       9
       2
       3
       4
       3
       4
       4
       4
       5
       4
       5
       5
       9
       0
       5
       5
       4
       2
       4
       4
       4
       4
       3
       7
       2
       1
       3
       6
       3
       3
       4
       4
       6
       6
       5
       5
       3
       9
       2
       4
       2
       4
       3
       3
       6
       3
       2
       5
       4
       4
       6
       6
       6
       2
       3
       4
       3
       3
       3
       1
       3
       8
       1
       6
       1
       6
      10
       5
       4
       3
       1
       7
       4
       6
       1
       2
       3
       5
       4
       4
       3
       8
       4
       5
       5
       2
       3
      11
       5
       6
       4
       3
       2
       6
       6
       6
       7
       0
       4
       3
       3
       2
       5
       5
       6
       5
       4
       4
      11
       2
       4
       8
       5
       2
       6
       2
       3
       6
       6
       6
       4
       4
       5
       3
       2
       5
       4
       4
       5
       4
       6
       5
       4
       2
       1
       2
       2
       3
       2
       5
       2
       5
       3
       2
       1
       4
       4
       5
       2
       2
       2
       2
       3
       6
       3
       3
       3
       4
       5
       4
       5
       2
       9
       3
       1
       3
       4
       5
       4
       4
       7
       2
       7
       4
       6
       4
       3
       8
       1
       3
       4
       5
       2
       5
       4
       5
       3
       1
       5
       4
       2
       3
       0
       3
       2
       1
       2
       6
       1
       6
       4
       6
       3
       3
       4
       3
       1
       5
       3
       4
       1
       3
       2
       2
       0
       4
       5
       1
       4
       1
       3
       0
       3
       3
       3
       3
       2
       1
       1
       1
       0
       3
       2
       4
       2
       1
       1
       1
       2
       5
       0
       4
       2
       2
       0
       2
       2
       4
       7
       5
       1
       7
       1
       3
       3
       4
       1
       2
       1
       6
       3
       4
       2
       1
       2
       1
       5
       1
       3
       2
       1
       0
       2
       6
       4
       1
       4
       4
       3
       4
       5
       0
       4
       2
       2
       3
       5
       3
       3
       3
       2
       3
       1
       4
       3
       1
       3
       0
       1
       1
       0
       1
       3
       4
       2
       1
       2
       7
       1
       5
       0
       2
       2
       5
       1
       3
       3
       3
       1
       0
       1
       2
       1
       4
       1
       0
       5
       2
       2
       2
       0
       2
       1
       2
       0
       5
       0
       2
       1
       1
       0
       3
       2
       2
       4
       2
       3
       1
       4
       2
       4
       2
       2
       0
       3
       2
       3
       2
       3
       3
       2
       3
       4
       6
       1
       3
       0
       2
       1
       1
       5
       1
       3
       2
       3
       2
       1
       4
       1
       2
       0
       1
       2
       2
       3
       5
       1
       2
       0
       4
       2
       3
       5
       2
       1
       5
       2
       3
       3
       1
       2
       3
       8
       4
       4
       3
       2
       1
       3
       4
       3
       2
       0
       3
       6
       5
       3
       4
       2
       2
       3
       1
       4
       1
       3
       2
       0
       3
       2
       1
       3
       2
       3
       2
       1
       4
       2
       4
       3
       1
       4
       2
       3
       2
       7
       6
       2
       2
       0
       1
       2
       2
       2
       2
       2
       4
       3
       1
       2
       2
       1
       1
       5
       0
       0
       4
       4
       2
       2
       2
       4
       0
       1
       3
       1
       2
       4
       2
       2
       1
       2
       1
       1
       4
       1
       1
       0
       1
       1
       1
       1
       2
       2
       2
       5
       1
       2
       1
       1
       5
       2
       1
       2
       2
       2
       4
       4
       2
       1
       1
       4
       2
       2
       4
       2
       1
       0
       3
       4
       1
       2
       3
       2
       1
       1
       1
       1
       0
       5
       2
       5
       5
       0
       2
       4
       1
       1
       2
       2
       3
       3
       0
       0
       4
       3
       3
       2
       2
       2
       1
       1
       0
       1
       3
       2
       2
       5
       2
       2
       1
       1
       2
       1
       1
       4
       1
       2
       1
       1
       5
       0
       5
       1
       1
       1
       4
       3
       0
       2
       1
       2
       2
       1
       7
       1
       0
       2
       1
       0
       0
       1
       1
       3
       3
       2
       0
       1
       0
       1
       2
       2
       2
       0
       2
       1
       3
       0
       1
       3
       3
       0
       1
       0
       3
       5
       1
       5
       0
       0
       2
       1
       3
       1
       2
       0
       2
       0
       1
       4
       0
       0
       1
       2
       2
       2
       2
       2
       3
       2
       3
       3
       2
       5
       2
       3
       1
       2
       0
       2
       3
       1
       5
       2
       2
       5
       1
       0
       0
       2
       1
       1
       2
       5
       0
       2
       0
       0
       0
       3
       2
       4
       4
       4
       4
       1
       3
       2
       3
       6
       0
       0
       2
       0
       4
       1
       1
       3
       1
       1
       2
       3
       1
       0
       3
       4
       2
       1
       2
       2
       1
       0
       0
       2
       3
       1
       2
       1
       4
       0
       2
       5
       2
       0
       2
       3
       2
       2
       2
       1
       3
       2
       3
       2
       2
       2
       0
       1
       1
       0
       2
       1
       1
       3
       5
       1
       3
       3
       5
       1
       0
       0
       3
       2
       2
       2
       3
       2
       1
       2
       2
       3
       1
       3
       1
       2
       3
       1
       1
       3
       2
       4
       3
       2
       2
       1
       1
       2
       2
       0
       2
       3
       3
       1
       2
       4
       1
       0
       3
       7
       1
       1
       0
       2
       4
       1
       2
       0
       1
       2
       1
       1
       3
       0
       2
       1
       3
       0
       1
       2
       1
       3
       2
       1
       1
       1
       2
       1
       3
       2
       4
       1
       0
       2
       1
       1
       4
       2
       2
       1
       1
       0
       3
       2
       3
       1
       1
       0
       0
       2
       1
       1
       1
       4
       1
       1
       1
       0
       0
       1
       0
       2
       1
       1
       1
       1
       1
       1
       3
       7
       3
       5
       2
       2
       2
       1
       1
       2
       1
       0
       0
       1
       0
       2
       1
       1
       0
       0
       3
       0
       0
       2
       3
       1
       2
       2
       0
       1
       2
       0
       0
       0
       0
       2
       0
       1
       2
       3
       2
       2
       0
       1
       0
       1
       2
       1
       2
       0
       0
       1
       0
       1
       2
       5
       2
       1
       1
       1
       2
       3
       0
       2
       0
       3
       3
       3
       0
       1
       2
       1
       1
       0
       1
       3
       1
       2
       1
       1
       0
       1
       0
       0
       1
       3
       2
       2
       2
       1
       0
       0
       1
       0
       1
       1
       1
       0
       0
       3
       2
       3
       0
       1
       0
       1
       1
       0
       1
       0
       1
       4
       0
       1
       1
       0
       1
       1
       2
       1
       4
       1
       2
       1
       1
       0
       0
       4
       0
       0
       3
       1
       5
       0
       1
       1
       1
       0
       1
       0
       0
       1
       1
       3
       4
       1
       2
       1
       4
       0
       0
       0
       1
       2
       1
       1
       1
       1
       2
       3
       3
       1
       2
       1
       1
       1
       4
       2
       2
       1
       0
       3
       3
       2
       0
       2
       0
       2
       3
       1
       1
       2
       2
       1
       4
       2
       0
       1
       2
       1
       1
       2
       3
       2
       1
       0
       2
       0
       1
       3
       2
       1
       3
       2
       3
       1
       1
       1
       0
       3
       2
       3
       1
       2
       1
       2
       4
       1
       3
       0
       0
       1
       0
       1
       1
       2
       3
       1
       3
       1
       2
       1
       2
       0
       1
       0
       0
       0
       0
       0
       0
       0
       0
       0
       0
       0
       0
       0
       0
       0
       0
       0
       0
       0
       0
       0
       0
       0
       0
       0
       0
       0
       0
       0
       0
       0
       0
       0
       0
       0
       0
       0
       0
       0
       0
       0
       0
       0
       0
       0
       0
       0
       0
       0
       0
       0
       0
       0
       0
       0
       0
       0
       0
       0
       0
       0
       0
       0
       0
       0
       0
       0
       0
$ROI:
0
$PRESETS:
Live Time
1127
0
$ENER_FIT:
0.000000 0.000000
$MCA_CAL:
3
0.000000E+000 0.000000E+000 0.000000E+000 
$SHAPE_CAL:
3
0.000000E+000 0.000000E+000 0.000000E+000
