$SPEC_ID:
none
$SPEC_REM:
DET# 1
DETDESC# Donnie Sheehan III - Easy-MCA-2k SN 14163589
AP# Maestro Version 7.01
$DATE_MEA:
09/29/2022 15:44:44
$MEAS_TIM:
300 300
$DATA:
0 2047
       0
       0
       0
       0
       0
       0
       0
       0
       0
       0
       0
       0
       0
       0
       0
       0
       0
       0
       0
       0
       0
       0
       0
       0
       0
       0
       0
       0
       0
       0
       0
       0
       0
       0
       0
       0
       0
       0
       0
      10
       8
      13
      17
      11
      11
      18
      17
      14
      12
      17
      20
      22
      18
      20
      17
      20
      17
      20
      14
      14
      13
      10
      16
      16
      15
      23
      16
      14
      22
      16
      20
      23
      17
      14
      12
      18
      15
      20
      20
      15
      14
      10
      18
      17
      27
      18
      16
      20
       7
      22
      24
      20
      23
      22
      18
      21
      18
      14
      17
      19
      19
      21
      24
      23
      21
      28
      21
      24
      24
      20
      28
      16
      17
      17
      19
      23
      22
      18
      14
      22
      25
      25
      29
      24
      24
      33
      23
      22
      25
      26
      28
      32
      28
      35
      25
      32
      39
      52
      36
      42
      31
      44
      42
      43
      44
      55
      55
      53
      50
      48
      46
      42
      50
      42
      47
      54
      47
      41
      42
      44
      44
      36
      40
      31
      37
      37
      35
      32
      39
      37
      37
      46
      41
      33
      29
      35
      24
      28
      23
      32
      28
      31
      28
      27
      29
      19
      28
      23
      28
      18
      28
      26
      26
      29
      29
      25
      19
      20
      38
      25
      22
      19
      23
      24
      18
      22
      21
      39
      28
      16
      27
      25
      31
      20
      21
      21
      25
      25
      24
      14
      22
      24
      22
      26
      27
      29
      26
      18
      26
      19
      24
      37
      28
      23
      32
      20
      20
      21
      27
      31
      27
      24
      27
      20
      36
      23
      22
      26
      25
      24
      23
      16
      16
      17
      19
      28
      21
      24
      21
      24
      25
      22
      23
      24
      18
      27
      24
      32
      26
      29
      27
      29
      28
      29
      32
      29
      31
      24
      25
      28
      27
      27
      19
      27
      23
      18
      24
      26
      24
      31
      26
      37
      18
      30
      21
      24
      31
      31
      32
      18
      26
      28
      28
      27
      31
      21
      18
      18
      22
      24
      24
      21
      22
      31
      27
      27
      36
      30
      27
      26
      22
      18
      27
      24
      19
      22
      32
      21
      20
      26
      32
      18
      25
      28
      29
      22
      27
      22
      23
      23
      35
      22
      31
      27
      21
      29
      18
      29
      38
      24
      25
      31
      17
      34
      30
      31
      32
      25
      29
      22
      30
      27
      30
      27
      21
      28
      31
      33
      20
      28
      34
      29
      27
      29
      43
      27
      28
      29
      29
      28
      33
      23
      26
      24
      21
      29
      27
      21
      28
      30
      35
      32
      23
      32
      26
      31
      43
      31
      31
      36
      38
      37
      42
      27
      30
      26
      29
      37
      32
      27
      35
      34
      34
      28
      33
      37
      32
      32
      23
      34
      32
      39
      37
      31
      38
      17
      34
      33
      36
      36
      26
      29
      41
      30
      41
      38
      35
      32
      31
      37
      28
      33
      31
      25
      31
      37
      33
      30
      34
      36
      30
      41
      28
      22
      37
      25
      40
      25
      28
      30
      37
      33
      31
      26
      30
      42
      32
      21
      30
      19
      33
      30
      27
      27
      26
      27
      26
      35
      34
      37
      32
      34
      33
      27
      21
      24
      44
      38
      23
      37
      35
      28
      18
      24
      27
      26
      26
      27
      41
      28
      27
      27
      34
      24
      25
      30
      38
      31
      26
      31
      26
      18
      31
      34
      32
      24
      23
      29
      27
      26
      29
      26
      35
      30
      25
      28
      36
      35
      30
      26
      25
      38
      24
      32
      29
      30
      20
      18
      24
      23
      19
      29
      27
      33
      36
      28
      27
      29
      30
      21
      29
      26
      24
      27
      34
      30
      25
      30
      20
      35
      26
      28
      35
      16
      27
      22
      19
      28
      26
      23
      35
      25
      31
      30
      27
      41
      30
      31
      28
      32
      20
      28
      28
      32
      27
      20
      31
      29
      27
      27
      33
      31
      28
      13
      25
      18
      23
      20
      23
      31
      38
      31
      16
      21
      26
      23
      27
      21
      29
      34
      20
      22
      26
      34
      24
      26
      30
      26
      40
      28
      19
      29
      24
      29
      26
      27
      28
      24
      20
      18
      21
      20
      26
      25
      20
      32
      26
      13
      26
      22
      22
      29
      27
      32
      24
      27
      23
      22
      21
      23
      21
      20
      30
      26
      35
      27
      25
      31
      19
      26
      28
      32
      24
      20
      26
      21
      15
      27
      30
      25
      18
      16
      33
      20
      27
      16
      28
      19
      14
      24
      22
      24
      16
      22
      25
      23
      22
      28
      27
      26
      16
      25
      26
      18
      26
      26
      18
      21
      20
      25
      27
      17
      18
      26
      22
      20
      23
      27
      24
      30
      30
      24
      18
      18
      23
      17
      21
      14
      17
      21
      26
      27
      27
      17
      23
      25
      13
      20
      27
      27
      16
      15
      22
      26
      26
      13
      25
      25
      23
      17
      14
      18
      23
      17
      23
      25
      15
      21
      20
      30
      30
      21
      26
      22
      17
      22
      30
      19
      24
      16
      20
      22
      19
      18
      28
      23
      18
      26
      18
      22
      24
      21
      17
      16
      23
      17
      14
      22
      15
      37
      18
      17
      19
      20
      14
      23
      18
      29
      25
      18
      23
      24
      30
      20
      26
      23
      16
      24
      20
      18
      22
      18
      37
      24
      22
      12
      20
      13
      26
      19
      26
      22
      30
      31
      19
      23
      20
      27
      15
      24
      20
      23
      18
      25
      27
      37
      32
      20
      26
      14
      25
      32
      25
      18
      14
      24
      18
      22
      29
      16
      21
      17
      30
      21
      22
      22
      20
      18
      14
      19
      16
      21
      13
      15
      14
      15
      12
      26
      18
      19
      21
      29
      21
      23
      29
      20
      24
      21
      22
      14
      12
      25
      18
      23
      31
      19
      17
      19
      27
      18
      18
      27
       9
      14
      16
      24
      19
      18
      12
      17
      16
      19
      17
      16
      20
      24
      23
      16
      24
      25
      25
      20
      18
      13
      21
      28
      22
      29
      22
      14
      15
      16
      18
      17
      20
      27
      13
      14
      20
      21
      24
      23
      21
      22
      18
      20
      17
      17
      21
      16
      18
      21
      19
      18
      14
      19
      17
      20
      24
      21
      17
      17
      16
      23
      18
      16
      22
      17
      25
      21
      16
      17
      17
      19
      18
      21
      23
      10
      20
      19
      23
      26
      19
      19
      23
      20
      14
      21
      19
      20
      19
      15
      17
      14
      21
      24
      22
      20
      18
      19
      27
      19
      20
      23
      14
      19
      22
      22
      25
      14
      26
      26
      19
      18
      13
      23
      22
      24
      16
      13
      19
      20
      14
      14
      26
      11
      17
      18
      23
      25
      18
      18
      16
      22
      21
      11
      21
      21
      11
      14
      17
      23
      15
      16
      20
      22
      19
      19
      19
      22
      13
      17
      20
      15
      23
      16
      22
      15
      15
      21
      20
      11
      20
      25
      14
      21
      13
      27
      14
      12
      17
      16
      20
      15
      29
      17
      17
      14
      12
       9
       6
      21
      14
      20
      13
      16
      19
      23
      20
      15
      16
      22
      12
      21
      26
      24
      14
      25
      18
      17
      18
      21
      18
      19
      16
      12
      18
      17
      23
      18
      21
      14
      20
      21
      11
      19
      15
      12
      24
      14
      14
      16
      25
      15
      22
      16
      21
      12
      13
      16
      17
      14
      23
      20
      22
      14
      15
      17
      27
      15
      19
      25
      11
      22
      12
      19
      18
      16
      12
      16
      17
      18
      20
      26
      23
      20
      21
      20
      20
      12
      14
      17
      24
      15
      20
      21
      19
      10
      27
      11
      22
      22
      11
      18
      23
      14
      19
      26
      22
      17
      18
      11
      21
      18
      18
      27
      17
      18
      31
      11
      17
      16
      18
      15
      20
      16
      13
      21
      17
      24
      22
      14
      17
      22
      17
      16
      17
      34
      20
      16
      14
      20
      13
      24
      27
      19
      21
      19
      20
      13
      16
      15
      26
      21
      20
      22
      12
      14
      22
      12
      20
      25
      21
      22
      20
      19
      12
      23
      30
      22
      19
      18
      25
      15
      16
      20
      19
      10
      23
      21
      16
      26
      15
      24
      19
      16
      24
      18
      25
      24
      14
      26
      16
      20
      23
      19
      25
      31
      16
      19
      14
      21
      23
      28
      23
      23
      18
      17
      22
      23
      12
      15
      17
      26
      17
      11
      16
      16
      22
      18
      20
      22
      18
      23
      28
      14
      17
      18
      20
      11
      27
      15
      20
      19
      13
      27
      25
      32
      20
      14
      27
      24
      23
      12
      14
      15
      18
      14
      20
      19
      20
      22
      19
      22
      18
      25
      17
      18
      16
      29
      16
      28
      24
      23
      21
      28
      23
      17
      23
      23
      31
      30
      20
      18
      27
      17
      26
      18
      32
      14
      22
      18
      17
      15
      16
      23
      20
      18
      21
      16
      19
      17
      13
      20
      18
      27
      26
      19
      13
      14
      14
      20
      18
      15
      20
      23
      18
      21
      17
      18
      25
      23
      16
      25
      14
      20
      16
      18
      20
      17
      18
      25
      11
      22
      16
      18
      15
      22
      22
      17
      14
      14
      12
      18
      22
      19
      19
      13
      15
      28
      20
      24
      18
      20
      21
      18
      11
      21
      15
      19
      15
      11
      21
      16
       9
      13
      13
      14
      12
       8
      15
      12
      21
      19
      16
      15
      12
      21
      22
      18
      15
      11
      16
      23
      18
      21
      13
      18
      21
      16
      16
      13
       7
      10
      16
      17
      15
      18
      17
      11
      14
      20
      13
       8
      16
      17
      18
      10
      14
      17
      17
      15
      12
      17
      22
      15
      16
      13
      11
      14
      20
      12
      11
      13
      21
      19
      15
       8
      17
      11
      15
      15
      12
      19
      16
      25
      17
      13
      16
      10
       9
      20
      12
      11
      11
      10
      17
      14
      15
      14
      16
      13
      19
      12
      12
      17
       9
      14
      14
       9
      16
      18
      11
      12
      18
      23
      14
       7
      11
      13
      16
      15
      21
      12
      10
      16
      16
      10
      12
       9
      19
      10
      12
      10
      10
      20
      17
      15
      10
      12
      10
       9
      17
      15
      10
       9
      12
      11
      13
      15
      13
      11
      13
      14
      11
      10
       9
      10
      13
      12
      13
      15
       9
      19
      20
      14
      15
      16
      16
      16
      16
      17
      14
      19
       9
      13
      17
      18
      22
      14
      23
      24
      21
      15
      11
      19
      28
      11
      28
      21
      28
      19
      30
      28
      22
      20
      18
      23
      21
      20
      28
      31
      21
      23
      29
      37
      23
      32
      30
      39
      42
      32
      38
      30
      25
      40
      26
      29
      43
      35
      38
      33
      43
      33
      37
      61
      42
      43
      44
      44
      47
      45
      47
      39
      45
      51
      28
      41
      53
      42
      58
      37
      48
      33
      42
      50
      35
      37
      42
      40
      40
      43
      43
      37
      50
      38
      46
      40
      39
      46
      44
      42
      40
      44
      34
      38
      37
      43
      41
      40
      46
      29
      31
      32
      27
      37
      39
      30
      34
      30
      27
      34
      37
      31
      28
      25
      36
      28
      22
      24
      21
      37
      33
      33
      36
      34
      31
      20
      37
      37
      31
      24
      31
      25
      31
      15
      28
      21
      29
      28
      18
      24
      19
      24
      20
      21
      32
      27
      22
      30
      17
      18
      18
      17
      27
      17
      17
      26
      24
      19
      15
      17
      17
      20
      22
      22
      23
      21
      18
      16
      17
      18
      16
      21
      16
      28
      17
      17
      20
      22
      17
      20
      19
      18
      14
      22
      16
      11
      19
      23
      24
      19
      18
      16
      16
      23
      22
      21
      24
      21
      36
      21
      29
      33
      33
      20
      22
      23
      23
      28
      30
      27
      28
      32
      32
      35
      28
      37
      22
      31
      34
      28
      24
      22
      27
      37
      25
      34
      32
      39
      40
      37
      26
      34
      21
      32
      28
      33
      28
      39
      37
      30
      43
      43
      33
      35
      36
      32
      31
      36
      41
      45
      37
      33
      36
      31
      35
      31
      34
      36
      39
      38
      36
      41
      28
      36
      22
      34
      45
      29
      43
      35
      40
      29
      32
      31
      30
      42
      30
      39
      28
      26
      29
      36
      26
      35
      27
      35
      26
      37
      26
      32
      24
      28
      34
      21
      21
      32
      32
      19
      33
      23
      21
      24
      30
      25
      28
      29
      24
      30
      38
      25
      30
      24
      23
      17
      14
      23
      24
      24
      19
      22
      15
      21
      21
      16
      22
      23
      13
      25
      14
      18
      18
      28
      20
      14
      21
      10
      21
      17
      21
      18
      14
      17
      17
      16
      12
      13
      18
       7
      14
      15
      16
      16
      15
      16
      11
       9
       9
      12
      10
       8
       7
      10
      19
      10
      15
      15
      11
      10
      12
      14
      14
      10
      13
       7
      18
      10
      11
       9
       9
       6
      12
      10
       9
      13
       4
       8
       8
      11
       8
       7
       8
      16
      13
      14
      11
       7
       7
       4
      13
       8
       8
      14
      10
      11
       7
       9
      12
      11
       4
       8
       9
       4
       5
      10
      11
       8
       4
       0
       0
       0
       0
       0
       0
       0
       0
       0
       0
       0
       0
       0
       0
       0
       0
       0
       0
       0
       0
       0
       0
       0
       0
       0
       0
       0
       0
       0
       0
       0
       0
       0
       0
       0
       0
       0
       0
       0
       0
       0
       0
       0
       0
       0
       0
       0
       0
       0
       0
       0
       0
       0
       0
       0
       0
       0
       0
       0
       0
       0
       0
       0
       0
       0
       0
       0
       0
       0
$ROI:
0
$PRESETS:
Live Time
1127
0
$ENER_FIT:
0.000000 0.000000
$MCA_CAL:
3
0.000000E+000 0.000000E+000 0.000000E+000 
$SHAPE_CAL:
3
0.000000E+000 0.000000E+000 0.000000E+000
