$SPEC_ID:
none
$SPEC_REM:
DET# 1
DETDESC# Donnie Sheehan III - Easy-MCA-2k SN 14163589
AP# Maestro Version 7.01
$DATE_MEA:
09/29/2022 15:23:40
$MEAS_TIM:
297 300
$DATA:
0 2047
       0
       0
       0
       0
       0
       0
       0
       0
       0
       0
       0
       0
       0
       0
       0
       0
       0
       0
       0
       0
       0
       0
       0
       0
       0
       0
       0
       0
       0
       0
       0
       1
       1
       0
       0
       2
       0
       4
       2
     104
     194
     226
     201
     217
     217
     222
     238
     229
     221
     212
     221
     233
     227
     228
     224
     225
     231
     225
     228
     242
     254
     237
     266
     235
     241
     282
     236
     268
     233
     265
     228
     262
     232
     243
     226
     242
     253
     256
     241
     236
     274
     270
     280
     259
     291
     262
     256
     264
     278
     296
     286
     288
     246
     267
     288
     253
     287
     265
     298
     257
     254
     261
     274
     289
     286
     242
     270
     254
     289
     283
     281
     302
     283
     300
     295
     279
     276
     303
     286
     277
     290
     294
     292
     334
     285
     293
     328
     288
     354
     332
     380
     362
     373
     391
     394
     396
     434
     467
     454
     483
     517
     548
     571
     529
     541
     575
     586
     592
     564
     575
     557
     601
     569
     581
     531
     533
     526
     516
     559
     502
     481
     460
     480
     475
     479
     475
     432
     440
     432
     430
     450
     421
     446
     452
     384
     402
     392
     405
     390
     365
     365
     378
     355
     354
     320
     301
     353
     314
     320
     324
     311
     355
     325
     326
     322
     335
     302
     342
     324
     332
     310
     307
     332
     304
     334
     370
     357
     331
     315
     342
     316
     354
     322
     344
     317
     339
     344
     328
     339
     337
     339
     356
     367
     362
     389
     342
     393
     395
     359
     340
     329
     340
     348
     379
     374
     389
     330
     350
     359
     358
     358
     332
     400
     388
     408
     430
     363
     364
     376
     360
     372
     392
     309
     395
     361
     393
     363
     391
     344
     378
     350
     384
     381
     396
     408
     387
     380
     383
     417
     384
     375
     397
     365
     364
     366
     390
     389
     383
     376
     373
     388
     399
     374
     420
     390
     400
     406
     425
     362
     417
     398
     368
     416
     401
     379
     403
     409
     436
     424
     429
     428
     433
     417
     401
     415
     462
     433
     420
     444
     446
     440
     448
     446
     456
     450
     438
     513
     458
     464
     473
     496
     475
     498
     469
     514
     540
     522
     537
     541
     543
     501
     559
     546
     582
     529
     519
     544
     594
     572
     557
     592
     628
     582
     587
     633
     557
     612
     611
     564
     604
     585
     572
     576
     622
     554
     647
     571
     636
     581
     593
     574
     534
     596
     609
     615
     629
     619
     598
     630
     613
     557
     591
     619
     614
     599
     567
     563
     584
     610
     578
     561
     591
     572
     622
     602
     572
     568
     514
     580
     549
     530
     501
     575
     594
     567
     558
     583
     580
     536
     542
     589
     559
     554
     585
     546
     580
     551
     537
     534
     567
     565
     511
     565
     559
     558
     547
     530
     517
     520
     550
     533
     522
     529
     495
     553
     582
     516
     475
     505
     504
     510
     496
     492
     528
     520
     539
     512
     499
     496
     507
     466
     508
     508
     535
     517
     516
     506
     496
     482
     467
     476
     515
     506
     492
     462
     458
     470
     491
     495
     478
     522
     476
     440
     464
     458
     512
     455
     518
     481
     469
     474
     495
     510
     449
     481
     476
     484
     454
     499
     479
     430
     521
     461
     436
     478
     475
     447
     497
     433
     449
     479
     474
     480
     493
     463
     460
     482
     466
     451
     497
     485
     474
     463
     422
     432
     441
     509
     482
     461
     467
     443
     444
     523
     457
     469
     482
     441
     470
     483
     465
     477
     473
     479
     493
     502
     439
     445
     447
     400
     473
     457
     424
     442
     456
     454
     438
     466
     450
     468
     492
     454
     464
     397
     454
     463
     466
     453
     446
     454
     463
     447
     455
     439
     453
     449
     457
     441
     432
     431
     472
     423
     448
     433
     472
     433
     454
     488
     420
     440
     443
     421
     401
     490
     426
     462
     393
     440
     477
     428
     480
     476
     455
     482
     451
     451
     436
     458
     464
     463
     464
     467
     432
     459
     430
     433
     458
     449
     480
     439
     467
     464
     418
     452
     451
     443
     464
     455
     495
     477
     429
     467
     419
     440
     479
     472
     469
     468
     480
     471
     455
     476
     481
     494
     478
     464
     475
     489
     454
     483
     474
     455
     495
     487
     470
     439
     507
     495
     449
     480
     466
     524
     490
     527
     475
     478
     454
     469
     507
     500
     481
     462
     417
     481
     465
     511
     500
     502
     481
     472
     479
     469
     485
     479
     459
     526
     519
     510
     470
     507
     429
     478
     479
     506
     535
     483
     492
     495
     475
     490
     466
     502
     462
     517
     495
     516
     472
     511
     485
     498
     487
     514
     503
     522
     464
     511
     505
     476
     516
     523
     503
     528
     483
     503
     486
     523
     505
     503
     472
     482
     505
     477
     455
     453
     499
     458
     463
     447
     435
     478
     439
     445
     454
     485
     437
     416
     428
     419
     414
     401
     417
     394
     409
     410
     406
     382
     389
     375
     388
     371
     392
     371
     350
     371
     369
     362
     392
     350
     331
     360
     368
     373
     330
     333
     327
     337
     338
     319
     325
     336
     308
     312
     311
     326
     295
     266
     306
     260
     277
     300
     283
     284
     306
     251
     279
     286
     275
     267
     262
     273
     250
     277
     261
     244
     250
     262
     291
     271
     256
     240
     282
     239
     265
     284
     238
     266
     226
     231
     228
     216
     212
     248
     205
     227
     221
     214
     236
     219
     255
     224
     224
     219
     229
     226
     203
     217
     222
     206
     196
     177
     212
     252
     228
     215
     201
     206
     219
     186
     207
     226
     204
     198
     206
     209
     193
     198
     188
     206
     176
     183
     189
     201
     215
     208
     229
     183
     182
     182
     191
     199
     185
     191
     201
     185
     178
     199
     183
     208
     193
     184
     189
     185
     194
     201
     187
     187
     195
     192
     179
     195
     195
     184
     187
     180
     180
     199
     181
     174
     169
     184
     195
     178
     171
     169
     150
     171
     189
     171
     192
     188
     167
     177
     195
     187
     165
     203
     173
     198
     172
     203
     183
     186
     158
     189
     155
     201
     208
     214
     200
     212
     200
     186
     180
     181
     183
     210
     195
     217
     201
     199
     195
     187
     222
     212
     200
     215
     227
     220
     234
     247
     269
     256
     260
     240
     261
     282
     321
     301
     306
     332
     351
     344
     341
     341
     374
     372
     400
     460
     414
     442
     468
     489
     518
     503
     540
     522
     636
     659
     620
     644
     697
     687
     765
     741
     795
     850
     912
     893
     970
     993
     976
    1039
     995
    1158
    1103
    1164
    1238
    1210
    1217
    1384
    1370
    1340
    1443
    1465
    1565
    1568
    1515
    1603
    1674
    1719
    1691
    1790
    1760
    1824
    1819
    1859
    1938
    1969
    1984
    2003
    2053
    2037
    2135
    2027
    2107
    2190
    2219
    2124
    2287
    2272
    2248
    2259
    2203
    2207
    2267
    2236
    2275
    2214
    2206
    2282
    2287
    2278
    2246
    2231
    2312
    2136
    2166
    2187
    2233
    2145
    2141
    2145
    2201
    2124
    2151
    2117
    2112
    2115
    2023
    2115
    2006
    1949
    1913
    1888
    1918
    1840
    1915
    1800
    1789
    1783
    1732
    1754
    1779
    1696
    1640
    1652
    1563
    1568
    1548
    1563
    1572
    1583
    1489
    1435
    1448
    1443
    1368
    1396
    1393
    1317
    1358
    1294
    1246
    1274
    1295
    1212
    1195
    1146
    1165
    1128
    1122
    1018
    1076
    1057
    1008
    1052
     987
     955
     917
    1011
     980
     935
     911
     900
     884
     841
     817
     801
     795
     781
     734
     795
     772
     729
     729
     716
     717
     660
     691
     652
     640
     639
     633
     571
     597
     590
     572
     575
     534
     531
     527
     534
     537
     522
     476
     492
     501
     466
     464
     449
     410
     435
     459
     372
     394
     413
     407
     382
     407
     329
     341
     333
     331
     331
     328
     364
     309
     323
     313
     298
     293
     282
     260
     260
     295
     230
     251
     223
     248
     246
     226
     231
     202
     197
     186
     191
     187
     193
     187
     187
     182
     142
     136
     158
     153
     145
     123
     132
     116
     140
     122
     107
     119
     124
      93
      93
      92
      70
      75
      86
     108
      75
      77
      87
      47
      71
      58
      68
      54
      46
      45
      44
      42
      45
      31
      47
      44
      21
      30
      38
      23
      30
      29
      34
      22
      26
      31
      31
      24
      24
      20
      15
      16
      22
      14
      20
      25
      16
      12
      14
      18
      12
      14
      10
      16
      14
      16
      10
      10
       9
       8
       9
      12
       8
       3
       4
      10
       8
       4
       7
       9
       4
       8
       6
       6
       3
       5
       3
       7
      10
       1
       3
       7
       5
       5
       6
       9
       7
       6
       2
       3
      10
       5
       1
       6
       2
       6
       5
       3
       9
       2
       4
       4
       2
       1
       4
      11
       3
       4
       4
       4
       6
       4
       3
       4
       5
       9
       5
       2
       1
       4
       4
       2
       4
       7
       3
       9
       5
       7
       2
       4
       7
       8
       6
       7
       4
       4
       3
       4
       4
       1
       6
       9
       4
       3
       6
       1
       4
       3
       2
       4
       4
       2
       4
       4
       4
       6
       4
       5
       4
       4
       3
       4
       4
       2
       3
       6
       0
       4
       4
       2
       1
       6
       3
       3
       6
       2
       4
       5
       0
       3
       5
       4
       4
       4
       1
       8
       2
       3
       5
       4
       4
       3
       4
       2
       3
       2
       4
       6
       3
       1
       3
       2
       4
       4
       2
       5
       1
       4
       5
       6
       4
       9
       1
       3
       4
       1
       7
       4
       2
       5
       3
       9
       4
       5
       3
       2
       4
       6
       6
       5
       4
       5
       3
       4
       2
       4
       7
       3
       7
       1
       5
       1
       0
       2
       1
       6
       2
       2
       2
       4
       4
       3
       5
       3
       4
       5
       1
       4
       2
       2
       4
       2
       4
       5
       1
       6
       4
       4
       4
       2
       2
       2
       1
       1
       4
       2
       3
       2
       4
       0
       2
       2
       4
       3
       5
       8
       2
       5
       2
       6
       3
       4
       1
       0
       5
       3
       2
       2
       2
       2
       6
       2
       9
       2
       3
       2
       4
       3
       6
       0
       2
       4
       4
       4
       5
       5
       3
       4
       3
       7
       4
       7
       2
       3
       6
       1
       4
       4
       3
       3
       4
       2
       5
       2
       4
       4
       2
       4
       7
       3
       4
       3
       3
       3
       5
       7
       3
       4
       4
       4
       5
       3
       0
       3
       5
       3
       5
       5
       3
       5
       5
       4
       3
       1
       3
       4
       6
       8
       5
       3
       5
       5
       3
       5
       4
       2
       2
       5
       4
       2
       9
       1
       5
       5
       1
       2
       3
       4
       6
       7
       2
       2
       1
       8
       5
       1
       3
       4
       4
       9
       1
       3
       5
       4
       6
       2
       4
       4
       2
       4
       4
       1
       0
       6
       7
       1
       2
       6
       6
       2
       3
       8
       1
       3
       1
       6
       2
       6
       2
       2
       2
       5
       2
       3
       4
       4
       0
       4
       4
       0
       0
       8
       4
       4
       6
       0
       6
       7
       2
       1
       5
       1
       4
       5
       6
       2
       5
       5
       3
       3
       5
       3
       5
       0
       1
       2
       3
       8
       2
       1
       3
       1
       3
       5
       4
       1
       6
       6
       4
       3
       4
       3
       3
       2
       4
       4
       3
       4
       1
       2
       4
       2
       6
       2
       0
       1
       5
       2
       2
       5
       3
       0
       1
       1
       4
       6
       4
       3
       3
       4
       1
       0
       5
       2
       5
       1
       3
       3
       3
       2
       2
       5
       1
       2
       4
       3
       0
       1
       2
       1
       3
       3
       4
       2
       3
       2
       6
       3
       7
       2
       2
       1
       3
       0
       3
       1
       4
       1
       3
       5
       1
       4
       9
       2
       4
       1
       0
       2
       3
       3
       0
       3
       0
       1
       4
       0
       2
       2
       1
       4
       2
       1
       1
       1
       5
       1
       3
       0
       1
       1
       3
       4
       2
       2
       1
       2
       1
       0
       2
       1
       2
       1
       4
       1
       4
       0
       2
       2
       3
       2
       3
       2
       1
       3
       4
       1
       1
       0
       2
       3
       4
       2
       2
       5
       1
       1
       1
       2
       2
       2
       0
       1
       1
       4
       1
       2
       3
       0
       1
       5
       2
       1
       1
       2
       0
       0
       0
       2
       0
       2
       3
       2
       4
       5
       1
       1
       3
       2
       1
       2
       2
       1
       1
       0
       2
       1
       2
       2
       0
       1
       1
       2
       2
       2
       2
       4
       5
       1
       0
       3
       1
       0
       3
       5
       1
       5
       3
       1
       5
       1
       5
       1
       1
       2
       1
       4
       0
       2
       1
       4
       3
       1
       4
       0
       3
       3
       0
       1
       3
       2
       6
       3
       0
       2
       2
       2
       0
       2
       2
       1
       2
       5
       3
       1
       2
       4
       0
       3
       1
       3
       0
       3
       0
       2
       3
       2
       2
       4
       3
       3
       1
       4
       3
       1
       2
       3
       2
       2
       5
       3
       2
       4
       4
       4
       1
       2
       5
       3
       3
       4
       2
       1
       3
       4
       5
       1
       2
       3
       1
       2
       5
       3
       3
       3
       3
       4
       2
       2
       2
       6
       4
       1
       3
       2
       2
       1
       2
       5
       0
       2
       1
       1
       4
       5
       3
       2
       5
       5
       0
       1
       4
       0
       4
       3
       1
       1
       5
       3
       0
       0
       0
       0
       0
       1
       0
       1
       0
       0
       0
       0
       0
       0
       0
       0
       0
       0
       0
       0
       0
       0
       0
       0
       0
       0
       0
       0
       0
       0
       0
       0
       0
       0
       0
       0
       0
       0
       0
       0
       0
       0
       0
       0
       0
       0
       0
       0
       0
       0
       0
       0
       0
       0
       0
       0
       0
       0
       0
       0
       0
       0
       0
       0
       0
       0
       0
       0
       0
       0
$ROI:
0
$PRESETS:
Live Time
1127
0
$ENER_FIT:
0.000000 0.000000
$MCA_CAL:
3
0.000000E+000 0.000000E+000 0.000000E+000 
$SHAPE_CAL:
3
0.000000E+000 0.000000E+000 0.000000E+000
