$SPEC_ID:
none
$SPEC_REM:
DET# 1
DETDESC# Donnie Sheehan III - Easy-MCA-2k SN 14163589
AP# Maestro Version 7.01
$DATE_MEA:
09/29/2022 15:32:50
$MEAS_TIM:
300 300
$DATA:
0 2047
       0
       0
       0
       0
       0
       0
       0
       0
       0
       0
       0
       0
       0
       0
       0
       0
       0
       0
       0
       0
       0
       0
       0
       0
       0
       0
       0
       0
       0
       0
       0
       0
       0
       0
       0
       0
       0
       0
       0
      17
      30
      35
      45
      32
      38
      33
      36
      35
      33
      44
      31
      43
      35
      45
      28
      45
      40
      47
      53
      33
      48
      47
      36
      52
      52
      42
      33
      46
      42
      36
      32
      26
      39
      43
      41
      34
      44
      47
      51
      52
      33
      47
      49
      38
      48
      40
      55
      42
      58
      38
      54
      55
      44
      70
      42
      39
      37
      40
      51
      67
      46
      44
      42
      46
      42
      46
      69
      54
      47
      51
      48
      50
      41
      41
      51
      42
      42
      46
      71
      36
      51
      42
      51
      63
      58
      46
      53
      71
      59
      70
      59
      77
      71
      79
      86
      77
      74
      91
      98
      86
      96
     131
     123
     119
     139
     142
     124
     140
     138
     118
     138
     131
     127
     131
     112
     119
     117
     104
     109
     115
     120
     102
     117
     107
     100
      85
      97
      98
      97
      71
     105
      89
      75
      77
      82
      89
      66
      61
      57
      60
      72
      58
      67
      67
      53
      62
      58
      44
      65
      71
      43
      40
      58
      49
      48
      46
      49
      51
      49
      55
      45
      48
      52
      46
      60
      40
      48
      53
      56
      54
      48
      57
      50
      61
      50
      51
      49
      48
      58
      46
      50
      36
      54
      56
      54
      52
      51
      37
      56
      57
      53
      53
      43
      54
      61
      55
      58
      66
      65
      55
      44
      44
      55
      57
      53
      62
      51
      54
      58
      61
      45
      52
      72
      56
      51
      49
      58
      54
      61
      49
      56
      59
      67
      70
      48
      67
      73
      61
      64
      70
      51
      61
      44
      59
      60
      55
      48
      55
      63
      68
      69
      58
      67
      51
      66
      63
      74
      78
      62
      57
      62
      66
      59
      49
      51
      53
      49
      59
      77
      61
      63
      65
      64
      73
      54
      59
      62
      59
      55
      64
      85
      67
      59
      66
      76
      75
      66
      65
      76
      64
      72
      70
      78
      84
      60
      73
      72
      72
      52
      85
      81
      80
      64
      73
      77
      85
      75
      82
      52
      97
      88
      81
      80
      95
      67
      85
      78
      79
      80
      73
      75
      95
      72
      81
      69
      86
      74
      74
      79
      76
     104
      72
      84
      75
      73
      86
      79
      73
      74
      71
      75
      78
      79
      71
      90
      77
      69
      80
      72
      79
      80
      69
      75
      73
      81
      77
      92
      75
      99
      91
      88
      63
      79
      74
      85
      65
      73
      70
      66
      67
      84
      75
      77
      71
      73
      65
      78
      62
      56
      77
      74
      61
      76
      82
      86
      89
      70
      83
      68
      74
      71
      69
      80
      73
      80
      80
      75
      76
      79
      70
      77
      79
      93
      88
      92
      62
      58
      58
      73
      67
      69
      66
      86
      69
      68
      71
      68
      59
      68
      76
      72
      74
      70
      74
      74
      70
      93
      66
      83
      65
      71
      81
      75
      66
      74
      68
      79
      64
      64
      72
      63
      75
      80
      72
      62
      57
      74
      81
      74
      78
      91
      73
      71
      78
      66
      62
      76
      77
      68
      62
      72
      77
      73
      66
      70
      79
      65
      65
      78
      49
      76
      75
      78
      70
      71
      69
      79
      67
      60
      84
      80
      73
      70
      74
      86
      83
      81
      67
      68
      79
      68
      59
      80
      73
      72
      84
      66
      75
      70
      66
      56
      59
      69
      59
      66
      67
      68
      54
      65
      64
      73
      64
      54
      75
      59
      57
      64
      63
      75
      53
      57
      70
      67
      56
      56
      49
      52
      60
      69
      63
      47
      48
      48
      49
      52
      46
      46
      45
      48
      50
      61
      33
      47
      48
      46
      61
      50
      48
      39
      45
      46
      40
      44
      44
      37
      43
      48
      48
      39
      45
      49
      38
      33
      33
      33
      36
      43
      43
      48
      42
      30
      40
      39
      36
      38
      38
      54
      37
      36
      52
      51
      45
      33
      41
      41
      43
      44
      29
      30
      36
      48
      42
      42
      46
      56
      43
      29
      40
      40
      34
      35
      36
      44
      42
      30
      42
      25
      33
      32
      50
      37
      48
      30
      34
      37
      34
      35
      26
      30
      35
      36
      32
      42
      32
      24
      40
      35
      33
      35
      32
      37
      46
      36
      30
      38
      38
      37
      46
      36
      37
      31
      48
      33
      30
      44
      26
      32
      30
      36
      30
      22
      31
      25
      34
      26
      27
      41
      27
      40
      41
      37
      36
      26
      32
      36
      40
      34
      32
      33
      28
      30
      24
      21
      38
      34
      21
      37
      30
      45
      24
      26
      31
      40
      24
      23
      38
      20
      30
      33
      30
      32
      29
      27
      31
      41
      46
      24
      26
      34
      37
      37
      32
      40
      40
      32
      30
      33
      38
      46
      44
      39
      44
      38
      50
      57
      48
      50
      50
      53
      63
      70
      54
      64
      56
      72
      69
      65
      79
      75
      85
      88
      83
      86
     100
     110
     114
     120
     129
     128
     150
     135
     165
     162
     156
     136
     154
     178
     170
     166
     206
     204
     224
     203
     222
     229
     223
     243
     249
     256
     257
     252
     232
     222
     236
     270
     292
     309
     279
     325
     309
     310
     303
     326
     315
     340
     343
     318
     299
     300
     302
     349
     316
     299
     329
     317
     331
     300
     338
     312
     342
     288
     275
     294
     305
     284
     281
     296
     255
     251
     274
     274
     241
     257
     287
     271
     263
     278
     218
     233
     201
     201
     205
     225
     203
     195
     198
     198
     194
     160
     182
     193
     149
     162
     149
     141
     153
     151
     120
     141
     141
     156
     132
     118
     121
     116
     124
     114
      86
      93
      99
      95
     115
      80
      88
     101
      88
      77
      83
      94
      72
      82
      81
      52
      79
      67
      70
      64
      54
      64
      56
      56
      56
      52
      64
      47
      51
      54
      56
      50
      58
      42
      51
      31
      48
      59
      34
      45
      38
      40
      44
      44
      43
      42
      30
      38
      43
      44
      40
      30
      27
      36
      29
      35
      35
      35
      34
      22
      30
      27
      37
      36
      29
      33
      28
      26
      26
      33
      26
      28
      25
      20
      23
      26
      21
      17
      24
      30
      26
      21
      13
      12
      27
      24
      26
      26
      19
      19
      21
      23
      27
      32
      23
      19
      24
      15
      16
      15
      19
      21
      18
      15
      26
       8
      16
      15
      27
      18
      30
      17
      19
      15
      21
      16
      15
      21
      25
      15
      14
      21
      19
      13
      19
      17
      24
      14
      13
      13
      14
       9
      15
      22
      12
       9
      14
      13
      12
      14
      23
      17
      16
       9
      21
      27
      16
      12
      13
      20
      26
      19
      16
      17
      15
      13
      15
      21
      14
      11
      18
      17
      17
      13
      21
      16
      17
      14
      18
      20
      15
      17
      14
      12
      14
       9
      12
      20
      12
      17
      18
      14
      21
      16
      20
      14
      20
      23
      16
      13
      14
       9
      15
      15
      13
      16
      16
      17
      21
      22
      14
      11
      13
      16
      12
      10
      21
      18
      15
      17
      16
      12
      15
      11
      15
      22
       6
      21
      10
      12
      12
      16
      16
      10
      13
      20
      15
      13
      12
      17
      12
      19
      18
      18
      10
      12
      14
      18
      21
      16
      12
       8
      13
      14
      18
      16
      19
      24
      17
      12
      15
      13
      13
      18
      17
       9
      17
      20
      16
      14
      16
      18
      19
      20
      12
      19
      14
      17
      13
      15
      19
      16
      12
      11
      13
      17
      14
      22
      17
      11
      14
      10
      20
      10
      21
      15
      15
      13
      12
      13
      20
      10
      14
      20
       8
      12
      11
      17
      12
      10
      18
      24
      21
      11
      13
      12
      23
      16
      15
      11
      19
       9
      11
      18
      15
      20
      14
      13
       9
      15
      12
      12
       9
      14
      10
      20
      21
      19
      14
      11
      17
      16
       9
      16
      12
      12
      11
      12
      10
      14
      13
      13
      11
      14
      21
      15
      15
      17
      15
      10
      11
      15
      20
      15
      19
       8
       9
       9
      14
      20
      16
      24
      15
      13
      12
      13
      15
      15
      15
      10
      14
      11
      11
       9
      20
       5
      24
      12
      19
      15
       9
      21
      31
      12
      13
      14
      14
      13
      13
      13
      12
      23
      13
      18
      12
      17
      16
      18
       9
      18
      20
      12
       4
      10
      11
      14
      17
      10
      14
      14
      16
      16
      13
      19
      18
      17
      17
      15
       7
      18
      18
      15
      16
      18
      18
      13
      11
      14
      15
      15
      17
      15
      16
      15
       9
      23
      12
      10
      15
      15
       7
       9
       8
      15
      13
      16
      16
      13
      13
      16
      15
      13
      16
      15
      12
      13
      11
      21
      10
      22
      21
      20
      21
      17
      12
      20
      13
      20
      10
      18
      20
       9
      12
      16
      12
      18
      22
      26
      15
      14
      17
      15
      22
      27
      18
      13
      13
      11
      22
      13
      17
      22
      13
      22
      13
      19
      16
      16
      21
      15
      15
       9
       9
      14
      11
      15
      15
      17
      25
      12
      17
      19
      20
      14
      16
      16
       7
      18
      18
      25
      15
      11
      18
      19
      18
      24
      28
      16
      15
      19
      16
      19
      14
      21
      20
      12
      21
      13
      22
      18
      20
      19
      18
      17
      21
      12
      11
      15
      21
      10
      18
      15
      18
      21
      14
      14
      14
      14
      25
      15
       8
      11
      12
      13
      16
      12
      21
       8
      13
      21
       8
      14
      23
      18
      15
      13
      11
      16
      23
      20
      20
      18
      21
      16
       7
      17
      23
      12
       9
      13
      12
      15
      15
      19
      21
      18
      14
      17
       9
      10
      14
       8
      14
      18
      14
       6
       9
      13
      10
      10
      11
      19
      17
       8
      13
       9
      12
      11
      11
      10
      12
       2
      18
      11
      13
      11
       7
      13
      17
      14
      14
      11
      11
       8
      12
      17
       3
       8
      17
      17
       9
      13
      13
      17
      10
       8
       9
       8
      13
       6
      11
      11
      10
       6
       7
       7
       7
       7
       8
      10
      10
       8
      10
       8
       7
      13
       9
      10
       3
      12
      12
      10
       8
      14
       8
      13
       6
       5
       9
       0
      13
      13
      11
       7
       7
      10
      10
      10
       6
       2
       8
       8
       6
      10
       5
       8
       3
       9
       4
       8
       7
       5
       6
       2
       3
       6
      11
       8
       7
       3
       5
       5
      10
       7
      13
       9
      11
       6
       7
      15
      10
       9
       6
       6
       5
       4
       8
       4
       3
       7
       3
       6
       6
       4
       7
       9
       8
       5
       6
       3
       6
       9
       4
       8
      11
       4
       4
       2
       7
       3
       6
       9
       5
       4
       5
       8
       4
       4
       3
       2
       7
       6
       5
       5
       9
       3
       4
       4
       3
       1
       6
       2
       6
       9
       8
       3
       2
       6
       7
       8
       6
      11
       6
       5
       7
       7
       4
       6
       6
       6
       8
       5
       8
       7
       8
       6
      12
      10
      10
       6
      11
      10
      11
      10
      13
      14
      11
      11
       9
      11
      12
      11
      11
      10
       6
      10
      15
       9
      11
      19
      13
      14
      17
      19
      18
      21
      18
      19
      16
      21
      15
      13
      14
      20
      18
      27
      22
      16
      28
      31
      25
      27
      20
      21
      34
      34
      20
      25
      35
      28
      38
      35
      30
      39
      33
      41
      35
      42
      32
      35
      38
      39
      47
      31
      45
      40
      42
      39
      37
      41
      43
      38
      41
      48
      45
      61
      34
      45
      45
      56
      53
      41
      38
      62
      44
      54
      52
      48
      48
      43
      42
      37
      33
      45
      46
      44
      34
      45
      47
      48
      57
      45
      49
      49
      62
      51
      36
      48
      44
      45
      37
      43
      35
      38
      47
      35
      49
      27
      45
      42
      33
      39
      36
      46
      36
      41
      30
      31
      31
      27
      36
      38
      30
      20
      31
      30
      35
      47
      32
      35
      29
      24
      34
      31
      32
      30
      30
      41
      33
      28
      34
      20
      28
      31
      30
      26
      27
      26
      28
      31
      15
      35
      30
      19
      24
      35
      29
      19
      22
      17
      30
      29
      22
      25
      29
      19
      25
      28
      24
      25
      23
      18
      28
      22
      20
      16
      16
      20
      20
      25
      12
      18
      14
      20
      21
      12
      23
      20
      22
      17
      15
      14
       8
      16
      12
      20
      12
      19
      14
      18
      20
      16
      16
      11
      14
      13
      13
      13
       7
      17
      12
      15
      11
      16
      12
      17
       9
      12
       8
       8
      13
      14
      16
      12
      11
      12
      18
       9
       7
      14
       5
       8
      13
       7
       7
      13
       9
       8
      11
       7
      16
      16
      14
      16
       1
      10
      10
       7
      12
      10
      12
      12
       5
      19
       6
       9
       6
       8
      15
      10
       7
      11
       5
       5
       9
       6
       5
       7
      11
       2
      10
       4
       8
       9
       8
       6
       6
       9
      10
       6
       8
       4
       3
       3
       6
       6
       5
       7
       5
       8
       7
       9
       5
       7
       8
       4
       6
       8
       7
       6
       7
       6
       2
       0
       0
       0
       0
       0
       0
       0
       0
       0
       0
       0
       0
       0
       0
       0
       0
       0
       0
       0
       0
       0
       0
       0
       0
       0
       0
       0
       0
       0
       0
       0
       0
       0
       0
       0
       0
       0
       0
       0
       0
       0
       0
       0
       0
       0
       0
       0
       0
       0
       0
       0
       0
       0
       0
       0
       0
       0
       0
       0
       0
       0
       0
       0
       0
       0
       0
       0
       0
$ROI:
0
$PRESETS:
Live Time
1127
0
$ENER_FIT:
0.000000 0.000000
$MCA_CAL:
3
0.000000E+000 0.000000E+000 0.000000E+000 
$SHAPE_CAL:
3
0.000000E+000 0.000000E+000 0.000000E+000
