$SPEC_ID:
none
$SPEC_REM:
DET# 1
DETDESC# Donnie Sheehan III - Easy-MCA-2k SN 14163589
AP# Maestro Version 7.01
$DATE_MEA:
10/04/2022 15:33:48
$MEAS_TIM:
298 301
$DATA:
0 2047
       0
       0
       0
       0
       0
       0
       0
       0
       0
       0
       0
       0
       0
       0
       0
       0
       0
       0
       0
       0
       0
       0
       0
       0
       0
       0
       0
       0
       0
       0
       0
       0
       0
       1
       1
       1
       2
       1
       5
      95
     198
     203
     217
     192
     196
     228
     199
     228
     208
     224
     233
     204
     218
     235
     239
     242
     251
     228
     235
     274
     243
     261
     250
     252
     248
     260
     272
     244
     217
     277
     235
     262
     222
     228
     252
     247
     253
     260
     253
     209
     271
     235
     269
     244
     235
     250
     278
     278
     295
     293
     269
     271
     314
     262
     265
     291
     298
     256
     278
     246
     268
     301
     280
     263
     265
     252
     263
     284
     275
     271
     295
     269
     286
     271
     276
     315
     315
     292
     283
     285
     288
     298
     292
     293
     301
     314
     321
     320
     334
     297
     329
     324
     364
     374
     407
     410
     415
     429
     449
     490
     489
     499
     527
     530
     542
     543
     579
     586
     586
     572
     623
     565
     567
     614
     624
     595
     537
     570
     551
     518
     561
     551
     497
     518
     489
     484
     473
     448
     427
     486
     433
     426
     452
     423
     425
     423
     418
     386
     429
     411
     369
     364
     366
     393
     376
     389
     341
     316
     349
     359
     305
     326
     320
     327
     371
     324
     317
     358
     314
     338
     334
     329
     332
     345
     360
     304
     332
     311
     337
     339
     357
     328
     315
     345
     347
     331
     369
     342
     336
     355
     317
     350
     356
     364
     325
     326
     377
     360
     403
     398
     388
     382
     362
     362
     351
     378
     384
     378
     364
     360
     370
     377
     352
     373
     372
     370
     367
     375
     351
     367
     398
     389
     357
     376
     369
     377
     364
     379
     371
     397
     393
     394
     366
     385
     401
     400
     386
     412
     362
     370
     406
     381
     388
     389
     422
     374
     421
     390
     430
     383
     428
     408
     379
     410
     366
     390
     412
     401
     431
     374
     375
     427
     394
     375
     400
     399
     438
     418
     418
     439
     413
     451
     414
     410
     412
     416
     410
     473
     470
     439
     493
     393
     451
     452
     433
     461
     457
     478
     452
     484
     502
     486
     494
     526
     477
     525
     536
     532
     524
     494
     493
     513
     519
     572
     512
     524
     547
     536
     544
     550
     591
     564
     574
     571
     576
     637
     610
     557
     601
     604
     617
     559
     601
     608
     596
     613
     590
     606
     570
     597
     625
     579
     582
     602
     578
     585
     619
     584
     567
     595
     609
     598
     566
     570
     614
     604
     611
     581
     588
     600
     589
     583
     573
     586
     581
     586
     540
     541
     583
     581
     600
     596
     593
     588
     541
     555
     575
     557
     599
     583
     515
     536
     572
     556
     563
     541
     583
     553
     536
     539
     526
     538
     567
     534
     526
     554
     579
     571
     513
     526
     526
     495
     515
     523
     546
     517
     510
     528
     539
     520
     541
     526
     497
     526
     523
     522
     507
     491
     497
     527
     480
     521
     525
     527
     541
     489
     524
     478
     487
     478
     513
     512
     497
     485
     518
     489
     521
     503
     512
     506
     473
     461
     470
     510
     510
     545
     480
     452
     509
     501
     465
     477
     491
     498
     476
     468
     482
     456
     534
     518
     470
     496
     469
     500
     476
     519
     469
     478
     527
     489
     491
     486
     453
     470
     506
     507
     478
     498
     499
     440
     460
     451
     424
     425
     526
     480
     475
     465
     470
     469
     516
     471
     490
     491
     492
     462
     476
     464
     442
     490
     472
     465
     459
     449
     471
     499
     495
     487
     408
     439
     470
     494
     448
     437
     460
     474
     466
     457
     471
     471
     435
     483
     476
     503
     450
     437
     490
     450
     496
     471
     478
     475
     451
     456
     448
     496
     442
     448
     462
     421
     441
     474
     439
     449
     448
     467
     482
     464
     438
     465
     486
     430
     454
     438
     469
     499
     437
     447
     443
     466
     431
     449
     433
     445
     457
     461
     465
     440
     447
     411
     462
     445
     442
     441
     458
     458
     437
     507
     414
     436
     444
     441
     474
     501
     495
     439
     440
     455
     460
     463
     476
     463
     465
     503
     465
     459
     463
     486
     476
     439
     471
     465
     462
     461
     481
     472
     518
     496
     480
     504
     454
     490
     473
     493
     462
     536
     493
     438
     426
     467
     463
     479
     490
     487
     515
     487
     471
     467
     479
     483
     484
     462
     484
     474
     479
     491
     524
     511
     446
     438
     497
     478
     482
     503
     503
     473
     477
     486
     485
     508
     511
     480
     442
     488
     505
     484
     514
     494
     494
     501
     518
     494
     543
     495
     488
     531
     541
     489
     502
     534
     516
     494
     500
     481
     479
     532
     497
     520
     513
     541
     522
     527
     487
     468
     530
     495
     530
     501
     493
     484
     542
     504
     509
     487
     486
     478
     493
     488
     462
     458
     488
     498
     493
     470
     475
     465
     445
     460
     484
     441
     464
     449
     450
     454
     449
     448
     392
     451
     425
     404
     398
     418
     423
     389
     421
     390
     394
     385
     360
     392
     380
     370
     379
     358
     368
     365
     345
     344
     348
     341
     339
     330
     316
     311
     333
     346
     323
     336
     292
     324
     339
     293
     315
     292
     303
     288
     302
     270
     291
     274
     282
     288
     312
     278
     273
     283
     284
     269
     274
     266
     257
     296
     255
     257
     275
     280
     265
     262
     251
     243
     253
     212
     233
     221
     238
     239
     242
     280
     229
     228
     210
     230
     245
     205
     209
     227
     237
     221
     200
     230
     200
     244
     251
     245
     230
     225
     214
     201
     186
     222
     211
     200
     215
     220
     210
     211
     243
     212
     214
     192
     218
     213
     215
     236
     207
     215
     207
     205
     195
     216
     191
     166
     211
     187
     197
     199
     178
     176
     183
     192
     205
     208
     194
     210
     187
     182
     198
     201
     181
     184
     188
     203
     198
     178
     178
     169
     192
     213
     195
     157
     176
     191
     203
     162
     187
     188
     197
     194
     198
     193
     172
     186
     205
     173
     198
     193
     179
     157
     160
     177
     177
     186
     179
     200
     164
     186
     177
     167
     167
     189
     173
     199
     160
     197
     200
     195
     170
     167
     201
     166
     172
     192
     195
     209
     181
     212
     179
     197
     205
     182
     197
     226
     211
     247
     214
     213
     205
     257
     217
     228
     253
     235
     286
     220
     284
     269
     263
     307
     311
     317
     331
     348
     360
     364
     386
     379
     381
     417
     458
     450
     467
     516
     509
     497
     595
     607
     638
     652
     641
     677
     688
     742
     792
     800
     833
     892
     811
     854
     951
     958
     983
    1016
    1114
    1154
    1149
    1178
    1202
    1289
    1305
    1418
    1402
    1434
    1455
    1486
    1538
    1552
    1601
    1663
    1675
    1709
    1758
    1704
    1865
    1859
    1817
    1886
    1945
    1904
    2041
    2022
    2105
    2070
    2180
    2022
    2070
    2262
    2098
    2193
    2146
    2287
    2191
    2167
    2295
    2202
    2323
    2268
    2352
    2228
    2275
    2284
    2284
    2210
    2299
    2292
    2244
    2208
    2259
    2321
    2252
    2276
    2258
    2129
    2204
    2172
    2233
    2169
    2066
    2155
    2127
    2166
    2014
    2029
    2014
    1985
    1989
    1932
    1926
    1923
    1883
    1863
    1859
    1849
    1746
    1749
    1742
    1748
    1684
    1680
    1657
    1598
    1566
    1628
    1501
    1554
    1496
    1555
    1393
    1424
    1398
    1383
    1415
    1272
    1308
    1243
    1272
    1272
    1225
    1199
    1182
    1133
    1156
    1141
    1122
    1074
    1110
    1095
    1029
    1025
     954
     961
     995
     863
     958
     876
     831
     927
     842
     856
     864
     801
     810
     779
     776
     765
     772
     721
     683
     709
     700
     678
     691
     673
     614
     662
     661
     613
     606
     615
     619
     582
     536
     544
     541
     497
     526
     535
     482
     481
     527
     474
     448
     454
     476
     427
     434
     463
     472
     402
     411
     381
     391
     363
     326
     405
     351
     333
     327
     323
     328
     347
     336
     294
     294
     273
     278
     304
     282
     299
     265
     257
     256
     235
     227
     193
     193
     233
     192
     180
     195
     203
     182
     186
     178
     154
     154
     170
     144
     150
     138
     137
     138
     123
     129
     117
     117
     116
     111
     109
     111
     103
      87
      78
      88
      76
      78
      86
      73
      79
      70
      65
      64
      57
      63
      54
      47
      38
      43
      46
      42
      40
      34
      20
      24
      16
      23
      29
      29
      31
      25
      30
      20
      19
      26
      20
      12
      25
      21
      20
      24
      22
      19
      15
      13
      18
      18
       9
      11
      12
      12
       6
      13
      12
      12
      12
       9
      10
       6
       8
      12
       8
      11
       6
      10
      10
       7
       7
       4
      10
       4
       4
       6
      11
       5
       9
       5
       5
      11
       3
       7
       1
       3
       2
       5
       5
       7
       6
       5
       5
       5
       6
       7
       5
       2
       6
       4
       4
       6
       7
       3
       3
       3
       8
       4
       3
       4
       5
       7
       7
       4
       6
       3
       2
       7
       3
       2
       9
       8
       5
       2
       3
       1
       1
       4
       2
      12
       2
       7
       7
       4
       4
       3
       5
       4
       2
       5
       3
       6
       3
       7
       2
       4
       6
       4
       1
       4
       3
      10
       5
       4
       7
       8
       8
       2
       5
       5
       9
       6
       8
       5
       5
       1
       1
       6
       3
       4
       5
       5
       4
       5
       5
       2
       8
       4
       2
       3
       4
       2
       1
       2
       3
       5
       3
       1
       6
       7
       2
       4
      10
       2
       3
       4
      10
       5
       1
       1
       2
       3
       1
       2
       0
       4
       4
       2
       3
       4
       8
       3
       4
       2
       6
       7
       5
       3
       2
       2
       4
       2
       5
       4
       3
       5
       4
       1
       4
       4
       5
       3
       2
       6
       8
       4
       5
       2
       4
       5
       4
       4
       5
       1
       5
       2
       4
       6
       2
       7
       5
       1
       4
       6
       4
       2
       4
       2
       4
       3
       6
       7
       4
       1
       7
       5
       3
       7
       1
       3
       6
       6
       4
       5
       3
       5
       6
       6
       1
       3
       7
       1
       3
       3
       2
       4
       4
       5
       2
       2
       4
       4
       1
       2
       4
       5
       3
       3
       3
       3
       7
       4
       3
       1
       6
       2
       7
       2
       3
       6
       2
       3
       5
       3
       4
       3
       1
       5
       4
       2
       9
       1
       3
       1
       4
       2
       6
       5
       5
       4
       5
       4
       3
       3
       3
       2
       7
       2
       5
       2
       4
       3
       5
       2
       2
       0
       6
       2
       4
       3
       5
       2
       5
       3
       5
       6
       5
       2
       5
       3
       6
       3
       5
       4
       7
       1
       4
       3
       4
       8
       3
       5
       4
       3
       0
       3
       2
       2
       1
       2
       2
       4
       2
       5
       3
       5
       2
       7
       5
       3
       1
       5
       5
       7
       4
       4
       4
       2
       5
       0
       4
       1
       3
       6
       4
       3
       1
       3
       3
       3
       1
       1
       7
       6
       4
       3
       3
       5
       2
       1
       3
       4
       3
       3
       2
       6
       3
       2
       3
       5
       0
       5
       2
       5
       2
       5
       0
       4
       1
       2
       3
       3
       5
       2
      10
       2
       4
       3
       5
       4
       6
       3
       0
       3
       2
       5
       4
       2
       1
       2
       6
       5
       2
       3
       2
       2
       0
       2
       7
       1
       4
       1
       2
       6
       0
       4
       3
       1
       5
       0
       2
       3
       1
       3
       3
       2
       1
       3
       1
       4
       3
       4
       3
       5
       4
       2
       0
       1
       1
       2
       1
       5
       4
       7
       4
       3
       1
       4
       6
       3
       3
       3
       4
       2
       6
       0
       1
       1
       0
       3
       3
       4
       2
       2
       4
       2
       3
       2
       2
       2
       2
       2
       2
       3
       2
       2
       2
       1
       6
       2
       2
       5
       3
       3
       2
       5
       5
       2
       2
       1
       0
       3
       4
       4
       2
       5
       1
       2
       1
       1
       3
       5
       4
       3
       3
       4
       6
       0
       0
       3
       3
       1
       1
       4
       0
       0
       2
       1
       1
       1
       0
       1
       2
       2
       2
       1
       1
       0
       0
       1
       3
       2
       4
       1
       2
       3
       3
       2
       1
       2
       3
       0
       1
       5
       0
       2
       1
       0
       0
       4
       2
       3
       0
       2
       3
       2
       1
       1
       3
       1
       0
       1
       3
       4
       2
       2
       5
       1
       5
       3
       3
       0
       1
       2
       1
       1
       2
       4
       3
       3
       1
       1
       0
       1
       2
       3
       1
       1
       3
       2
       3
       2
       2
       3
       2
       1
       1
       2
       4
       1
       1
       4
       2
       2
       2
       0
       1
       1
       1
       0
       3
       2
       2
       1
       0
       5
       3
       2
       1
       0
       1
       4
       0
       1
       3
       2
       4
       1
       1
       3
       3
       3
       2
       1
       1
       0
       2
       1
       0
       3
       3
       3
       5
       0
       0
       2
       1
       0
       3
       4
       4
       4
       0
       3
       4
       5
       0
       6
       2
       1
       5
       1
       2
       0
       2
       3
       2
       4
       1
       3
       1
       0
       8
       1
       2
       4
       0
       2
       2
       0
       2
       0
       2
       7
       3
       2
       2
       3
       5
       3
       1
       3
       1
       2
       1
       4
       2
       0
       3
       4
       2
       4
       0
       5
       2
       5
       3
       3
       2
       5
       0
       2
       5
       3
       4
       5
       3
       4
       3
       2
       1
       3
       2
       3
       5
       0
       0
       1
       1
       0
       0
       0
       0
       0
       0
       0
       0
       0
       0
       0
       0
       0
       0
       0
       0
       0
       0
       0
       0
       0
       0
       0
       0
       0
       0
       0
       0
       0
       0
       0
       0
       0
       0
       0
       0
       0
       0
       0
       0
       0
       0
       0
       0
       0
       0
       0
       0
       0
       0
       0
       0
       0
       0
       0
       0
       0
       0
       0
       0
       0
       0
       0
       0
$ROI:
0
$PRESETS:
Live Time
1127
0
$ENER_FIT:
-1.026383 0.465443
$MCA_CAL:
3
-1.026383E+000 4.654429E-001 1.540903E-004 keV
$SHAPE_CAL:
3
0.000000E+000 0.000000E+000 0.000000E+000
