$SPEC_ID:
none
$SPEC_REM:
DET# 1
DETDESC# Donnie Sheehan III - Easy-MCA-2k SN 14163589
AP# Maestro Version 7.01
$DATE_MEA:
10/04/2022 15:39:38
$MEAS_TIM:
299 300
$DATA:
0 2047
       0
       0
       0
       0
       0
       0
       0
       0
       0
       0
       0
       0
       0
       0
       0
       0
       0
       0
       0
       0
       0
       0
       0
       0
       0
       0
       0
       0
       0
       0
       0
       0
       0
       0
       0
       0
       0
       0
       0
      49
      74
      87
      79
      78
      78
      65
      84
      77
      84
      70
      72
      59
      79
      81
      61
      93
      91
      98
     100
      92
      82
     102
      90
      83
      90
     114
      92
      86
      93
      86
      92
     105
      93
     101
      99
     103
      69
     103
      82
      98
     100
      92
      88
      89
      80
      87
      96
      96
     114
     117
      97
     123
      92
     101
     101
     113
     119
      93
     102
      98
     111
      89
     109
      78
     116
     112
      99
      94
     116
      90
     110
     107
     113
     113
      83
     101
      98
      91
     110
     102
     110
     105
     105
     109
     101
     115
     105
     104
     120
     144
     103
     135
     143
     126
     127
     109
     142
     145
     151
     140
     183
     170
     178
     193
     182
     194
     209
     225
     197
     208
     220
     224
     228
     215
     201
     209
     197
     191
     202
     241
     212
     193
     195
     178
     179
     183
     187
     196
     186
     190
     158
     172
     175
     173
     161
     151
     146
     150
     158
     145
     129
     129
     151
     155
     149
     116
     145
     130
     124
     144
     150
     116
     140
     120
     123
     135
     148
     131
     117
     127
     149
     119
     131
     111
     133
     130
     139
     141
     140
     132
     127
     146
     147
     128
     139
     138
     155
     118
     125
     129
     135
     129
     149
     140
     111
     141
     143
     124
     123
     127
     136
     137
     119
     126
     120
     147
     148
     130
     135
     116
     132
     145
     124
     142
     124
     162
     139
     127
     144
     135
     139
     146
     147
     145
     130
     141
     129
     134
     136
     142
     113
     122
     133
     130
     137
     134
     148
     140
     138
     128
     151
     135
     147
     143
     127
     147
     147
     140
     139
     155
     137
     120
     139
     141
     129
     180
     139
     158
     130
     160
     149
     147
     156
     151
     152
     145
     125
     106
     150
     123
     153
     134
     136
     139
     151
     162
     136
     154
     178
     177
     161
     146
     134
     163
     164
     162
     152
     142
     142
     156
     156
     155
     139
     161
     187
     155
     172
     160
     179
     144
     200
     189
     173
     163
     197
     184
     190
     186
     188
     188
     171
     172
     190
     172
     170
     207
     198
     176
     196
     196
     205
     166
     183
     190
     208
     214
     184
     183
     182
     189
     192
     216
     202
     186
     191
     195
     189
     199
     189
     204
     197
     191
     180
     172
     196
     193
     211
     195
     197
     185
     195
     203
     188
     208
     203
     182
     197
     190
     195
     180
     180
     195
     221
     189
     176
     203
     202
     204
     190
     184
     195
     167
     176
     186
     177
     181
     198
     211
     186
     191
     185
     173
     196
     177
     179
     178
     190
     175
     183
     182
     177
     193
     179
     208
     190
     174
     180
     180
     141
     157
     175
     194
     181
     194
     189
     189
     171
     178
     170
     175
     197
     181
     168
     170
     202
     165
     135
     185
     185
     185
     182
     166
     159
     166
     188
     176
     178
     170
     172
     179
     174
     181
     168
     173
     178
     186
     159
     175
     174
     173
     151
     181
     172
     157
     151
     183
     164
     170
     190
     175
     166
     183
     166
     181
     175
     172
     176
     164
     143
     162
     165
     170
     150
     170
     168
     170
     175
     165
     169
     168
     180
     163
     166
     153
     163
     170
     161
     179
     143
     177
     134
     173
     175
     154
     158
     162
     178
     142
     162
     153
     155
     160
     150
     162
     163
     150
     172
     154
     159
     149
     157
     156
     178
     146
     167
     175
     156
     155
     168
     155
     132
     138
     163
     190
     146
     168
     159
     160
     148
     164
     158
     159
     176
     152
     160
     177
     167
     154
     150
     171
     170
     158
     153
     167
     176
     144
     185
     157
     147
     146
     186
     159
     164
     188
     164
     166
     159
     167
     167
     183
     152
     157
     190
     157
     172
     145
     172
     155
     157
     162
     169
     152
     170
     175
     167
     121
     146
     167
     168
     154
     163
     164
     155
     161
     176
     166
     190
     169
     183
     167
     181
     162
     142
     187
     156
     182
     173
     159
     153
     155
     170
     159
     162
     143
     170
     171
     172
     177
     151
     147
     156
     190
     171
     185
     145
     185
     160
     166
     153
     135
     147
     164
     160
     181
     184
     151
     135
     146
     154
     186
     170
     196
     169
     184
     196
     151
     172
     185
     198
     187
     184
     153
     159
     167
     168
     185
     165
     164
     181
     168
     176
     203
     164
     180
     195
     169
     158
     181
     194
     185
     183
     162
     191
     183
     170
     175
     202
     168
     193
     184
     169
     182
     222
     161
     190
     193
     177
     165
     189
     206
     184
     165
     184
     198
     182
     190
     184
     206
     170
     194
     156
     193
     190
     174
     173
     182
     170
     199
     172
     168
     154
     173
     174
     163
     172
     155
     169
     181
     164
     164
     167
     154
     152
     154
     128
     158
     160
     165
     152
     153
     152
     146
     139
     161
     144
     160
     122
     148
     141
     125
     133
     139
     134
     144
     142
     142
     154
     127
     126
     148
     131
     131
     134
     126
     110
     130
     123
     124
     106
     111
     107
     130
     124
     126
     115
     102
     117
     116
     107
     108
     111
     111
     104
      91
     104
     107
      95
     106
     103
      89
      88
      98
      94
     110
     101
      94
     109
      85
      96
      83
      93
      82
      83
      80
      86
     100
      87
      88
      72
     103
      96
      99
      91
      79
     101
      89
      89
      97
      82
     103
      97
      85
      77
      90
      95
      93
      85
      81
      71
      73
      79
      83
      89
      83
      61
      81
      67
      77
      97
      89
      86
      72
      83
      79
      66
      69
      79
      78
      84
      80
      72
      83
      76
      94
      69
      71
      70
      85
      88
      77
      78
      75
      87
      65
      89
      61
      46
      78
      88
      82
      71
      75
      80
      78
      78
      79
      68
      92
      69
      94
      82
      76
      82
      83
      63
      83
      81
      73
      73
      79
      78
      73
      74
      85
      86
      75
      70
      58
      64
      82
      72
      63
      81
      59
      59
      67
      82
      76
      77
      85
      74
      77
      82
      83
      75
      81
      88
      87
      84
      84
      94
      82
      85
      89
      76
      77
      80
      78
      79
      99
      92
      92
      85
      72
      71
      94
     107
      80
     106
      98
      98
      89
     116
     109
     102
     100
     116
     115
     120
      98
     146
     137
     132
     146
     143
     133
     124
     146
     163
     127
     162
     184
     171
     177
     187
     198
     210
     228
     210
     213
     247
     238
     235
     267
     239
     261
     276
     285
     300
     319
     299
     374
     342
     321
     410
     398
     398
     416
     437
     467
     447
     468
     469
     518
     499
     518
     460
     512
     552
     550
     586
     591
     595
     600
     620
     620
     617
     641
     620
     674
     691
     713
     712
     695
     700
     727
     697
     717
     721
     761
     755
     771
     755
     737
     785
     796
     763
     841
     796
     791
     777
     778
     747
     808
     832
     794
     747
     796
     804
     774
     763
     767
     758
     766
     746
     732
     702
     758
     739
     722
     678
     647
     680
     689
     639
     730
     638
     656
     663
     617
     624
     623
     590
     620
     622
     570
     559
     555
     613
     523
     546
     532
     471
     521
     479
     521
     552
     479
     495
     498
     473
     450
     465
     405
     446
     406
     397
     385
     416
     387
     415
     377
     428
     368
     363
     344
     376
     370
     329
     337
     354
     328
     305
     307
     301
     325
     273
     292
     289
     275
     285
     251
     248
     262
     257
     243
     255
     200
     238
     219
     258
     229
     211
     232
     204
     211
     206
     203
     187
     192
     185
     192
     173
     165
     184
     171
     171
     164
     161
     158
     144
     177
     136
     143
     143
     132
     141
     115
     142
     110
     116
     122
     125
     120
     113
     116
     120
     108
      93
      95
      88
     100
     101
     102
      96
      96
      90
      81
      91
      92
      73
      68
      62
      86
      87
      70
      76
      74
      73
      48
      68
      57
      58
      48
      49
      53
      39
      43
      41
      44
      44
      44
      42
      58
      46
      36
      35
      42
      31
      35
      28
      33
      22
      20
      32
      28
      28
      29
      24
      32
      15
      14
      15
      16
      14
      14
      13
      17
      15
      17
      12
       9
      14
      12
       5
      13
      10
      11
      10
       9
       9
       8
      11
      11
      10
       5
       5
       9
       4
       3
       9
       5
       2
       6
       5
       6
       2
       3
       6
       3
       1
       6
       2
       3
       2
       3
       4
       2
       5
       2
       1
       4
       3
       6
       4
       1
       4
       2
       3
       2
       4
       3
       2
       2
       6
       4
       6
       1
       1
       2
       1
       4
       2
       2
       7
       1
       4
       2
       2
       2
       2
       3
       2
       3
       4
       1
       1
       1
       1
       2
       5
       3
       7
       4
       5
       3
       3
       2
       3
       6
       1
       7
       6
       1
       2
       1
       4
       3
       3
       4
       2
       0
       4
       2
       0
       1
       0
       4
       3
       6
       3
       2
       3
       2
       6
       0
       2
       2
       3
       2
       3
       0
       5
       3
       2
       4
       2
       1
       1
       4
       2
       3
       1
       1
       4
       2
       2
       1
       4
       5
       1
       2
       4
       1
       6
       1
       0
       6
       2
       4
       3
       3
       2
       1
       1
       3
       4
       2
       3
       6
       3
       0
       0
       1
       4
       1
       2
       3
       2
       0
       0
       4
       5
       2
       1
       1
       6
       3
       2
       3
       1
       2
       3
       3
       1
       4
       1
       3
       4
       3
       2
       2
       2
       3
       3
       1
       3
       2
       2
       2
       3
       2
       2
       2
       2
       2
       4
       1
       2
       4
       3
       1
       0
       2
       5
       2
       0
       2
       1
       5
       1
       2
       2
       3
       2
       4
       4
       4
       2
       0
       4
       2
       1
       3
       4
       2
       2
       2
       1
       1
       2
       3
       3
       5
       5
       1
       1
       2
       3
       2
       1
       1
       3
       4
       2
       2
       1
       1
       3
       1
       2
       2
       1
       2
       6
       0
       1
       1
       1
       0
       3
       4
       1
       1
       3
       2
       3
       2
       0
       3
       3
       3
       6
       2
       3
       1
       2
       0
       1
       2
       0
       1
       3
       2
       2
       2
       2
       2
       1
       3
       5
       1
       2
       1
       2
       2
       2
       0
       2
       3
       5
       1
       3
       0
       1
       0
       1
       1
       2
       1
       2
       3
       6
       1
       1
       1
       2
       2
       2
       1
       3
       2
       4
       2
       3
       1
       1
       1
       5
       2
       1
       3
       1
       1
       3
       2
       2
       3
       2
       0
       5
       3
       1
       3
       3
       2
       0
       2
       3
       2
       2
       1
       1
       1
       2
       1
       1
       1
       2
       3
       2
       5
       0
       2
       3
       3
       2
       0
       5
       3
       2
       4
       2
       2
       1
       2
       0
       2
       2
       2
       7
       2
       0
       2
       1
       2
       6
       1
       2
       2
       1
       5
       2
       1
       0
       2
       1
       4
       0
       5
       2
       0
       3
       0
       2
       0
       3
       4
       3
       4
       2
       4
       4
       1
       2
       1
       2
       1
       5
       1
       1
       2
       2
       1
       1
       2
       3
       3
       3
       1
       2
       3
       0
       5
       3
       2
       3
       1
       1
       2
       3
       1
       4
       1
       0
       4
       5
       2
       4
       5
       5
       3
       3
       2
       2
       0
       1
       1
       3
       2
       1
       2
       1
       1
       1
       3
       2
       1
       4
       3
       3
       0
       1
       1
       1
       0
       0
       2
       1
       2
       3
       3
       4
       3
       2
       1
       4
       4
       2
       2
       1
       1
       3
       0
       3
       2
       3
       2
       6
       2
       3
       3
       1
       1
       2
       1
       1
       1
       2
       1
       1
       0
       1
       1
       1
       1
       1
       3
       0
       4
       0
       1
       0
       0
       0
       3
       1
       2
       1
       4
       2
       1
       1
       1
       3
       4
       0
       2
       5
       0
       1
       0
       1
       1
       1
       1
       2
       3
       1
       1
       3
       0
       2
       0
       0
       2
       1
       0
       0
       1
       0
       4
       2
       2
       1
       0
       0
       1
       4
       3
       2
       0
       2
       0
       0
       2
       0
       1
       1
       1
       1
       1
       4
       0
       0
       1
       1
       0
       1
       1
       1
       2
       3
       1
       1
       1
       1
       0
       1
       0
       1
       2
       2
       2
       3
       0
       3
       3
       0
       1
       2
       0
       1
       0
       3
       0
       3
       2
       1
       0
       0
       2
       1
       2
       3
       2
       0
       1
       1
       2
       1
       1
       0
       1
       1
       0
       1
       1
       1
       2
       2
       3
       2
       0
       1
       2
       2
       0
       0
       1
       1
       4
       0
       0
       2
       0
       1
       0
       1
       2
       2
       2
       3
       1
       1
       1
       1
       0
       2
       1
       0
       1
       1
       1
       1
       1
       0
       3
       0
       1
       0
       1
       1
       2
       2
       3
       0
       0
       1
       1
       1
       2
       2
       4
       1
       3
       1
       1
       3
       1
       1
       0
       2
       4
       2
       2
       1
       1
       1
       2
       2
       1
       2
       1
       4
       0
       1
       1
       2
       1
       1
       1
       3
       0
       2
       5
       1
       3
       0
       0
       3
       4
       0
       1
       1
       1
       0
       2
       2
       2
       1
       5
       0
       4
       0
       1
       5
       0
       5
       1
       0
       0
       0
       0
       0
       0
       0
       0
       0
       0
       0
       0
       0
       0
       0
       0
       0
       0
       0
       0
       0
       0
       0
       0
       0
       0
       0
       0
       0
       0
       0
       0
       0
       0
       0
       0
       0
       0
       0
       0
       0
       0
       0
       0
       0
       0
       0
       0
       0
       0
       0
       0
       0
       0
       0
       0
       0
       0
       0
       0
       0
       0
       0
       0
       0
       0
       0
       0
$ROI:
0
$PRESETS:
Live Time
1127
0
$ENER_FIT:
-1.026383 0.465443
$MCA_CAL:
3
-1.026383E+000 4.654429E-001 1.540903E-004 keV
$SHAPE_CAL:
3
0.000000E+000 0.000000E+000 0.000000E+000
