$SPEC_ID:
none
$SPEC_REM:
DET# 1
DETDESC# Donnie Sheehan III - Easy-MCA-2k SN 14163589
AP# Maestro Version 7.01
$DATE_MEA:
10/04/2022 16:07:23
$MEAS_TIM:
300 300
$DATA:
0 2047
       0
       0
       0
       0
       0
       0
       0
       0
       0
       0
       0
       0
       0
       0
       0
       0
       0
       0
       0
       0
       0
       0
       0
       0
       0
       0
       0
       0
       0
       0
       0
       0
       0
       0
       0
       0
       0
       0
       0
       2
       7
       2
       6
       2
       3
       4
       2
       7
       7
       7
       6
       3
       5
       4
       7
       8
       4
       8
      10
       5
       8
       9
       9
       6
      11
       5
       4
      12
       9
       9
       9
       6
       4
       6
      13
       8
      12
      11
       1
       5
       6
       8
      10
       4
       6
       9
       6
       7
       6
      10
       8
       6
      10
       5
       8
      12
       3
       9
       5
       8
       6
       6
      10
      11
       9
       6
      12
      10
      10
       2
      12
      12
       6
       7
       9
      10
       9
      13
      11
       9
       6
      11
       7
      13
      14
      11
      11
       6
      10
      13
       8
      13
       9
      13
      19
      17
      14
      19
      24
      15
      23
      26
      33
      21
      25
      24
      32
      36
      30
      25
      27
      30
      29
      31
      27
      35
      23
      28
      33
      24
      28
      30
      31
      27
      17
      16
      26
      24
      18
      25
      25
      25
      18
      31
      22
      18
      15
      20
      15
      23
      23
      16
      15
      16
      25
      22
      14
      15
      36
      17
      18
      19
      21
      24
      19
      11
      19
      16
       8
      15
      14
      18
      19
      17
      18
      18
      12
      18
      16
      17
      19
      17
      16
      17
      19
      14
      16
       9
      18
      13
      12
      22
      13
      21
      11
      15
      15
      17
      15
      13
      15
      11
      11
      25
      12
      18
      18
      20
      12
      14
      19
      14
      20
      16
      18
      16
      15
      14
      20
      13
      14
      20
      28
      19
       9
      11
      19
      17
      12
      13
      19
      17
      17
      20
      14
      20
      17
      17
      15
      15
      15
      18
      17
      14
      22
      13
      13
      13
      18
      24
      28
      19
      16
      22
      17
      17
      27
      16
      16
       9
      13
      15
      30
      11
      22
      16
      11
      12
      18
      14
      24
      20
      10
      18
      13
      13
      18
      17
      19
      15
      12
      11
      20
      19
      13
      10
      28
      10
      10
       9
      16
      23
      13
      17
      18
      19
      20
      18
      17
      16
      20
      20
      14
      10
      14
      20
      19
      16
      18
      22
      18
      15
      16
      17
      16
      12
      15
      13
      19
      15
      18
      15
      12
      10
      15
      15
      17
      13
       6
      14
      21
      15
       9
      18
      14
      16
      20
      10
      18
      29
      16
      12
      18
      15
      17
      16
       7
      17
      20
       7
      17
      22
      13
      13
      25
      10
      15
      18
       9
      11
      17
      17
      14
      19
      20
       8
      10
      16
      15
      10
      11
      11
      15
       8
      15
      23
      10
      14
      13
      13
      15
      17
      20
      21
      17
      10
      14
       9
      15
      20
      15
      17
      15
      12
      12
      15
      17
       9
      17
      14
       7
      13
      10
      12
      16
      18
      19
      12
      14
      11
      20
      12
       4
      20
       9
      15
      22
      14
      18
       8
      23
      15
       8
      15
      15
       5
      16
      10
      11
      16
       8
      12
      15
      14
      12
      12
      15
      13
      10
      16
      13
      19
      20
      14
      11
      18
      10
      12
       6
      19
      18
      15
      10
      20
      14
      14
      16
      14
      11
      11
      17
      11
      18
       7
      13
       9
      13
      11
      15
      16
       8
       5
      16
      25
      12
      13
      13
      16
      11
      15
      13
      12
      13
      15
      10
      18
      10
      10
       9
       7
       8
      11
      14
      12
      12
       8
      12
       8
      18
      10
      12
      15
      10
      16
      14
      14
      16
      13
      13
      13
      15
      16
      17
       9
      16
       8
       6
      10
      10
      17
      15
      14
      16
      11
       9
      17
      14
      13
      19
       9
      14
       8
      20
      12
      14
      12
      10
      14
       7
      10
       8
      16
       9
      14
      10
       5
       9
      10
      11
       8
       9
       9
      11
      13
      13
       9
       8
      13
      13
      12
      16
       7
       9
      13
      13
      13
       9
      12
       8
       8
      12
       9
       9
       7
      10
       8
      13
      13
      15
      13
       6
      13
      11
       8
      10
      10
       8
      14
      10
      14
      13
      13
      12
       8
      11
       9
      15
      11
      17
       9
      20
       8
      15
       9
       8
      10
      19
       9
       8
      10
      14
      10
      12
      11
      15
      11
      14
       7
       5
      13
      10
       6
       9
       6
      17
      12
      15
       8
       7
      11
      18
      11
      11
       7
       9
      12
      16
      15
      11
       6
      13
       9
       7
       5
       8
      11
      10
       8
       9
      10
       8
      11
      10
      10
       6
       8
      10
       6
      11
      13
      11
       7
      15
       9
       7
       4
      13
       8
       4
      12
       9
       7
      13
       8
       4
      10
      10
       7
       9
      15
      14
      14
      12
      15
      14
       6
      10
      14
      13
       7
      11
      10
      19
       9
       8
      12
      10
       6
      12
      11
      10
      16
       9
      13
      11
      11
      15
       9
      14
      15
      18
      12
      15
       6
      16
       7
      10
       8
      20
       6
      17
      12
      18
      15
      15
      14
      19
      12
      20
      12
      18
       7
      14
      11
       8
      19
      14
       9
      10
      14
      10
      19
      13
      20
      12
      11
      15
      12
      23
      18
      12
      17
      14
      17
      17
      13
      19
      18
      12
      17
      13
      18
      19
      14
      18
       7
      16
      19
      17
       9
      16
      17
      13
      15
      15
      19
      17
      18
      19
      21
      16
      26
      22
      12
      11
      20
      26
      22
      17
      13
      22
      12
      17
       8
      17
      21
      11
      12
      15
       9
      20
      18
      17
      14
      20
      17
      14
      17
      17
      11
      19
      12
      12
      16
      20
      12
      11
      18
      16
       8
      14
      16
      11
      20
      13
      17
      20
      23
      12
      18
      15
      17
      13
      16
      26
      12
      16
      19
      10
      18
      16
      11
       7
      15
      12
       9
      17
      11
      12
      16
       7
      10
      11
      14
      14
       9
      11
      11
      10
      13
      15
      12
      17
      15
      20
      11
      11
      10
      11
      18
       6
       8
      15
      14
      14
       8
      11
       9
      14
      17
      10
      10
      14
      14
      13
      16
      10
      14
      10
      18
      15
      11
      10
      19
       8
       7
      17
      11
      13
      12
      12
       9
       9
       8
      11
      11
      10
      14
      11
       9
      10
      10
      19
      11
      12
       9
      10
      15
       7
       5
       4
      11
       9
       9
      10
       9
       8
      10
       4
       9
       6
       6
       3
      15
       4
      13
      12
       8
       5
      11
       9
       6
       5
       4
       5
       8
      11
      11
       9
       6
       9
       2
       4
       7
      15
       4
       7
       6
       8
      11
       7
      12
       9
       3
       8
       8
       3
       9
       7
       6
       8
       7
       7
      10
       4
       9
       9
      10
       4
       7
       5
       5
       7
       6
       9
       3
       6
       3
       6
       1
       8
       6
       4
       6
       3
       6
      10
       6
       6
      10
       5
       6
       6
       3
       3
       3
       8
       7
       4
       2
       2
       3
       8
       9
       3
       5
       3
      10
       5
       6
       6
       6
       5
       3
       1
       4
       2
       6
       7
       3
       3
       7
       6
       4
       3
       4
       4
       6
       6
       4
       5
       0
       5
       2
       3
       2
       2
       0
       6
       3
       4
       3
       3
       3
       3
       0
       3
       4
       1
       3
       4
       5
       2
       4
       3
       1
       3
       1
       5
       3
       2
       4
       1
       5
       4
       0
       1
       1
       2
       3
       8
       3
       6
       3
       1
       1
       2
       5
       4
       2
       2
       4
       1
       0
       2
       3
       2
       4
       5
       1
       2
       5
       3
       2
       4
       6
       2
       2
       0
       3
       3
       1
       3
       2
       3
       3
       4
       1
       1
       4
       0
       3
       4
       1
       1
       2
       3
       6
       3
       3
       1
       1
       2
       4
       7
       4
       4
       1
       2
       3
       3
       3
       2
       0
       4
       3
       2
       4
       4
       7
       1
       3
       3
       2
       3
       1
       4
       1
       1
       0
       3
       8
       0
       3
       4
       4
       1
       0
       2
       3
       3
       3
       2
       3
       2
       4
       1
       2
       6
       6
       1
       1
       1
       2
       4
       3
       2
       1
       4
       4
       2
       0
       3
       2
       4
       2
       1
       3
       2
       3
       6
       5
       1
       1
       2
       3
       2
       1
       5
       4
       2
       1
       3
       3
       3
       2
       2
       2
       2
       3
       1
       6
       1
       2
       2
       3
       1
       1
       1
       1
       0
       3
       4
       4
       2
       2
       2
       2
       3
       1
       4
       2
       3
       2
       3
       3
       2
       1
       2
       2
       1
       5
       0
       0
       4
       2
       1
       1
       3
       3
       2
       0
       3
       2
       2
       4
       2
       3
       4
       2
       2
       1
       3
       2
       1
       3
       1
       1
       1
       1
       5
       2
       5
       0
       1
       3
       0
       5
       2
       1
       3
       4
       2
       3
       2
       4
       3
       0
       1
       4
       3
       1
       3
       3
       3
       2
       2
       3
       1
       2
       1
       1
       7
       1
       7
       3
       3
       3
       4
       5
       2
       0
       4
       2
       3
       4
       2
       3
       3
       2
       6
       3
       3
       2
       3
       4
       1
       2
       0
       1
       5
       2
       3
       2
       2
       1
       1
       2
       2
       6
       4
       2
       1
       2
       2
       1
       1
       1
       1
       2
       3
       5
       6
       1
       1
       3
       3
       4
       2
       4
       3
       3
       1
       5
       2
       0
       3
       1
       4
       3
       2
       0
       3
       3
       2
       4
       4
       2
       1
       1
       2
       3
       2
       6
       1
       0
       3
       0
       1
       3
       2
       5
       0
       1
       6
       1
       2
       3
       2
       1
       3
       2
       1
       0
       2
       5
       3
       2
       3
       1
       2
       2
       5
       1
       1
       0
       3
       2
       2
       3
       1
       0
       2
       2
       2
       3
       4
       4
       2
       1
       1
       1
       1
       2
       2
       1
       2
       4
       3
       1
       1
       4
       1
       5
       3
       2
       1
       4
       4
       0
       0
       3
       3
       4
       2
       0
       2
       2
       3
       3
       0
       0
       2
       2
       2
       1
       3
       3
       0
       6
       1
       2
       1
       2
       1
       2
       1
       3
       2
       3
       3
       2
       4
       0
       4
       0
       2
       0
       2
       4
       4
       2
       4
       0
       3
       2
       3
       3
       3
       2
       2
       3
       2
       5
       0
       4
       0
       2
       2
       1
       4
       0
       3
       6
       2
       3
       1
       2
       0
       0
       1
       2
       2
       4
       2
       1
       4
       3
       2
       1
       2
       1
       6
       2
       2
       5
       1
       4
       4
       4
       1
       0
       1
       5
       5
       1
       2
       1
       4
       1
       2
       2
       3
       2
       5
       1
       1
       3
       3
       3
       3
       2
       1
       3
       2
       2
       0
       2
       4
       2
       2
       2
       4
       1
       2
       3
       1
       2
       2
       1
       1
       2
       1
       4
       3
       2
       4
       2
       4
       2
       4
       0
       3
       2
       3
       2
       3
       2
       2
       4
       1
       0
       0
       2
       1
       1
       4
       2
       2
       5
       1
       6
       1
       6
       0
       1
       7
       2
       3
       1
       4
       1
       1
       1
       1
       1
       2
       3
       4
       3
       2
       3
       0
       3
       3
       5
       1
       4
       0
       4
       3
       2
       2
       1
       1
       3
       2
       1
       4
       2
       1
       0
       2
       2
       1
       3
       1
       3
       0
       1
       1
       1
       6
       2
       2
       6
       1
       1
       1
       2
       2
       5
       4
       1
       1
       1
       3
       3
       1
       2
       3
       4
       1
       2
       2
       1
       3
       0
       2
       2
       1
       1
       2
       0
       3
       2
       2
       1
       2
       1
       2
       3
       1
       2
       1
       3
       0
       2
       1
       0
       4
       2
       1
       0
       2
       0
       1
       1
       4
       1
       1
       2
       2
       2
       1
       3
       1
       0
       1
       3
       3
       1
       0
       1
       1
       2
       0
       2
       1
       4
       2
       2
       0
       1
       2
       1
       3
       2
       0
       2
       0
       1
       1
       2
       1
       1
       2
       0
       0
       2
       1
       2
       2
       2
       0
       1
       2
       4
       2
       3
       1
       4
       0
       1
       0
       2
       2
       1
       2
       0
       2
       1
       2
       3
       1
       0
       1
       0
       0
       2
       3
       1
       1
       0
       0
       2
       1
       0
       2
       0
       3
       2
       0
       2
       1
       1
       0
       3
       3
       0
       0
       0
       1
       1
       0
       1
       2
       1
       3
       2
       2
       2
       0
       0
       0
       1
       2
       1
       1
       1
       1
       0
       0
       1
       0
       1
       0
       0
       0
       1
       1
       1
       0
       1
       4
       0
       1
       1
       1
       1
       1
       1
       0
       0
       0
       0
       1
       0
       0
       2
       2
       2
       0
       0
       1
       2
       0
       1
       1
       1
       2
       6
       0
       1
       1
       3
       0
       0
       2
       1
       1
       3
       1
       0
       2
       2
       1
       2
       1
       2
       0
       2
       1
       2
       2
       3
       2
       1
       1
       2
       0
       2
       4
       2
       2
       2
       2
       1
       1
       2
       0
       1
       2
       1
       2
       0
       3
       0
       2
       0
       1
       1
       0
       1
       2
       2
       1
       1
       1
       2
       5
       2
       1
       2
       1
       1
       3
       2
       2
       2
       0
       0
       0
       0
       0
       0
       0
       0
       0
       0
       0
       0
       0
       0
       0
       0
       0
       0
       0
       0
       0
       0
       0
       0
       0
       0
       0
       0
       0
       0
       0
       0
       0
       0
       0
       0
       0
       0
       0
       0
       0
       0
       0
       0
       0
       0
       0
       0
       0
       0
       0
       0
       0
       0
       0
       0
       0
       0
       0
       0
       0
       0
       0
       0
       0
       0
       0
       0
$ROI:
0
$PRESETS:
Live Time
1127
0
$ENER_FIT:
-1.026383 0.465443
$MCA_CAL:
3
-1.026383E+000 4.654429E-001 1.540903E-004 keV
$SHAPE_CAL:
3
0.000000E+000 0.000000E+000 0.000000E+000
