$SPEC_ID:
none
$SPEC_REM:
DET# 1
DETDESC# Donnie Sheehan III - Easy-MCA-2k SN 14163589
AP# Maestro Version 7.01
$DATE_MEA:
10/04/2022 15:56:35
$MEAS_TIM:
316 317
$DATA:
0 2047
       0
       0
       0
       0
       0
       0
       0
       0
       0
       0
       0
       0
       0
       0
       0
       0
       0
       0
       0
       0
       0
       0
       0
       0
       0
       0
       0
       0
       0
       0
       0
       0
       0
       0
       0
       0
       0
       0
       0
       6
      17
       7
      14
       9
      17
      12
      13
      17
      15
      10
      14
      15
       9
      14
      24
      16
      27
      15
      16
      26
      22
      18
      24
      13
      12
      14
      18
      18
      18
      16
      11
       7
      18
      18
      23
      21
      17
      16
      15
      18
      15
      13
      21
      21
      25
      23
      27
      20
      20
      22
      18
      20
      19
      21
      26
      23
      25
      12
      16
      26
      25
      23
      29
      17
      21
      23
      34
      14
      18
      12
      19
      19
      20
      15
      18
      16
      31
      23
      21
      24
      21
      17
      32
      24
      16
      23
      28
      26
      19
      30
      34
      43
      30
      40
      47
      60
      49
      56
      65
      75
      78
      70
      62
      80
      88
      85
     100
     110
     108
     103
     108
     106
      82
      77
      97
      64
      84
      83
      82
      84
      56
      81
      73
      59
      62
      68
      69
      61
      61
      55
      51
      54
      57
      60
      44
      49
      48
      53
      29
      39
      35
      31
      40
      30
      29
      26
      22
      25
      30
      26
      31
      37
      26
      25
      24
      30
      30
      25
      27
      15
      27
      20
      22
      25
      27
      22
      21
      17
      28
      28
      24
      27
      20
      29
      25
      21
      27
      32
      30
      28
      25
      30
      25
      25
      27
      21
      18
      32
      22
      29
      23
      13
      31
      29
      37
      19
      31
      28
      18
      19
      31
      21
      30
      26
      31
      40
      24
      31
      35
      15
      34
      36
      28
      28
      36
      29
      35
      18
      31
      26
      26
      32
      28
      30
      25
      33
      24
      16
      23
      31
      32
      36
      23
      29
      24
      26
      24
      29
      31
      34
      30
      29
      16
      35
      17
      25
      26
      28
      23
      26
      28
      30
      21
      25
      37
      28
      31
      26
      28
      33
      30
      30
      27
      27
      34
      35
      22
      28
      22
      27
      30
      35
      24
      28
      21
      26
      27
      23
      29
      29
      34
      32
      32
      32
      38
      41
      31
      32
      35
      32
      25
      28
      27
      47
      30
      28
      35
      37
      37
      34
      23
      37
      23
      28
      28
      37
      29
      31
      34
      27
      35
      27
      33
      21
      35
      38
      41
      36
      30
      38
      34
      39
      28
      35
      38
      34
      49
      32
      35
      37
      28
      26
      55
      27
      29
      36
      29
      41
      29
      45
      33
      41
      33
      32
      27
      29
      49
      43
      32
      40
      29
      31
      35
      23
      38
      32
      31
      29
      34
      38
      32
      35
      30
      31
      23
      41
      28
      35
      31
      26
      30
      33
      42
      50
      32
      38
      42
      31
      31
      35
      36
      39
      37
      20
      30
      28
      22
      26
      35
      37
      32
      44
      29
      27
      27
      21
      36
      26
      31
      38
      41
      39
      30
      32
      32
      33
      40
      35
      27
      28
      37
      29
      33
      29
      31
      35
      28
      27
      28
      29
      27
      29
      38
      27
      30
      36
      23
      31
      32
      29
      38
      23
      30
      24
      23
      29
      35
      24
      31
      16
      20
      26
      29
      33
      30
      20
      28
      30
      25
      30
      28
      33
      32
      32
      26
      28
      28
      29
      30
      20
      27
      26
      31
      25
      35
      24
      33
      21
      22
      17
      15
      30
      22
      34
      20
      26
      28
      21
      33
      26
      24
      26
      24
      17
      33
      37
      28
      22
      40
      28
      19
      39
      28
      31
      24
      28
      26
      22
      22
      25
      30
      33
      23
      23
      21
      27
      31
      27
      41
      19
      23
      24
      23
      29
      23
      31
      31
      24
      36
      25
      28
      31
      24
      31
      33
      32
      32
      26
      18
      27
      27
      34
      27
      27
      29
      33
      26
      20
      23
      24
      24
      32
      25
      34
      27
      17
      30
      25
      25
      27
      28
      25
      36
      30
      22
      28
      31
      26
      19
      31
      27
      26
      21
      39
      29
      30
      23
      26
      23
      34
      34
      25
      23
      29
      33
      31
      27
      33
      17
      22
      27
      28
      20
      23
      33
      33
      27
      28
      28
      34
      30
      26
      27
      18
      31
      22
      22
      27
      40
      22
      21
      22
      29
      30
      24
      36
      27
      28
      28
      24
      19
      30
      26
      28
      29
      25
      35
      27
      31
      33
      33
      27
      30
      31
      24
      43
      29
      34
      27
      33
      27
      21
      24
      23
      34
      28
      30
      28
      23
      19
      29
      23
      22
      23
      24
      25
      26
      25
      29
      29
      29
      21
      33
      24
      36
      31
      19
      28
      31
      26
      18
      23
      23
      26
      22
      18
      21
      27
      21
      32
      32
      17
      20
      28
      24
      29
      37
      28
      21
      22
      24
      27
      32
      24
      25
      29
      21
      28
      21
      27
      28
      23
      21
      16
      32
      26
      27
      24
      27
      14
      30
      23
      25
      19
      30
      23
      20
      23
      24
      34
      25
      29
      22
      24
      24
      26
      23
      15
      23
      20
      20
      32
      12
      24
      30
      25
      17
      25
      25
      25
      24
      20
      23
      22
      23
      15
      28
      27
      20
      21
      16
      29
      30
      27
      25
      26
      30
      22
      32
      19
      32
      21
      19
      19
      33
      35
      18
      33
      23
      32
      32
      24
      24
      32
      27
      24
      24
      32
      39
      19
      19
      14
      19
      26
      27
      24
      30
      24
      22
      30
      26
      24
      17
      32
      26
      25
      19
      19
      25
      32
      28
      23
      21
      27
      23
      27
      23
      25
      23
      26
      23
      34
      24
      31
      21
      16
      22
      26
      25
      27
      27
      34
      29
      37
      25
      24
      33
      31
      31
      23
      30
      40
      32
      20
      25
      27
      33
      19
      20
      32
      16
      26
      26
      27
      30
      24
      23
      22
      30
      38
      23
      30
      26
      27
      24
      32
      26
      31
      35
      28
      32
      32
      28
      27
      31
      25
      35
      29
      22
      27
      35
      36
      43
      40
      35
      30
      33
      22
      34
      27
      29
      37
      36
      32
      34
      33
      45
      33
      30
      33
      32
      40
      42
      27
      35
      43
      31
      34
      42
      32
      35
      32
      41
      31
      33
      38
      30
      33
      34
      33
      42
      37
      37
      38
      26
      30
      42
      23
      33
      28
      29
      31
      50
      31
      41
      34
      30
      42
      34
      27
      28
      31
      37
      40
      27
      40
      30
      37
      25
      26
      25
      33
      37
      29
      35
      31
      29
      29
      39
      17
      22
      41
      36
      37
      31
      31
      21
      27
      25
      28
      28
      40
      34
      22
      28
      25
      29
      27
      31
      19
      24
      26
      29
      20
      31
      27
      32
      23
      27
      33
      20
      23
      21
      25
      30
      21
      30
      26
      27
      25
      27
      23
      19
      26
      25
      18
      17
      21
      17
      23
      21
      22
      22
      14
      15
      18
      18
      21
      23
      16
      18
      10
      24
      19
      18
      17
      15
      11
      10
      11
      15
      19
       8
      13
      16
      16
      20
      23
      17
      10
      16
      13
      14
      10
       6
      12
       9
      15
      10
       9
       8
       9
      11
      10
      17
      16
      15
      13
      12
       9
       6
       9
       8
      10
       8
       6
       8
      14
      10
      12
      11
      15
       8
      12
      13
       6
       6
       7
       3
       8
       7
       6
       2
       4
       6
       7
       7
       5
       9
       2
       8
       5
       3
       9
       7
      10
       4
       3
       6
       9
       4
       3
       1
       6
       2
       9
       7
       5
       7
       4
       6
       9
       4
       5
       5
       3
       4
       4
       3
       3
       3
       4
       8
       5
       3
       8
       5
       6
       4
       7
      11
       6
       2
       6
       3
       6
       2
       4
       4
       4
       0
      10
       3
       3
       4
       3
       3
       4
       6
       5
       1
       3
       2
       4
       1
       1
       6
       4
       1
       1
       6
       2
       2
       5
       2
       4
       3
       1
       2
       1
       1
       1
       4
       4
       3
       5
       4
       3
       1
       3
       5
       2
       3
       2
       3
       1
       4
       2
       1
       3
       2
       5
       2
       2
       3
       5
       1
       1
       4
       1
       1
       4
       2
       1
       4
       4
       2
       3
       4
       1
       3
       6
       4
       4
       3
       3
       3
       2
       2
       0
       2
       1
       1
       1
       3
       5
       1
       2
       3
       0
       3
       2
       3
       2
       1
       5
       3
       2
       5
       1
       5
       3
       1
       4
       1
       2
       2
       1
       3
       1
       1
       3
       5
       2
       3
       2
       1
       2
       5
       3
       2
       2
       5
       2
       0
       1
       2
       1
       4
       2
       4
       4
       3
       3
       2
       2
       3
       3
       6
       1
       2
       4
       1
       1
       1
       3
       0
       4
       3
       2
       2
       1
       2
       4
       2
       5
       5
       2
       1
       5
       4
       2
       2
       1
       2
       3
       3
       0
       5
       4
       3
       2
       3
       2
       4
       3
       2
       3
       4
       4
       3
       1
       2
       1
       3
       0
       2
       3
       1
       3
       1
       3
       5
       6
       2
       1
       4
       2
       4
       1
       0
       2
       2
       3
       4
       7
       2
       2
       3
       1
       3
       2
       3
       2
       3
       2
       6
       2
       1
       3
       2
       0
       3
       1
       0
       1
       1
       3
       1
       2
       2
       1
       2
       1
       1
       0
       2
       1
       1
       2
       5
       3
       1
       3
       2
       3
       4
       2
       2
       3
       1
       3
       2
       4
       1
       2
       2
       1
       3
       2
       3
       0
       1
       4
       0
       0
       3
       3
       1
       1
       4
       3
       1
       2
       1
       1
       5
       7
       1
       6
       5
       5
       4
       1
       1
       3
       5
       3
       0
       3
       4
       8
       1
       5
       0
       2
       2
       4
       0
       3
       4
       2
       4
       1
       4
       4
       1
       3
       2
       5
       0
       4
       2
       6
       1
       0
       1
       0
       2
       2
       2
       2
       2
       3
       4
       4
       4
       3
       1
       2
       5
       2
       5
       0
       7
       3
       1
       0
       2
       2
       3
       3
       4
       1
       1
       1
       3
       2
       4
       1
       1
       3
       4
       6
       3
       6
       5
       0
       2
       2
       3
       2
       2
       3
       2
       4
       1
       4
       3
       3
       2
       4
       4
       2
       1
       6
       2
       1
       2
       0
       2
       2
       2
       1
       5
       0
       3
       4
       3
       1
       0
       1
       0
       2
       2
       4
       0
       1
       1
       1
       2
       3
       2
       1
       5
       1
       1
       1
       5
       3
       2
       3
       4
       3
       5
       1
       1
       3
       6
       5
       2
       1
       3
       1
       7
       3
       1
       1
       5
       1
       2
       1
       2
       3
       0
       4
       2
       5
       4
       2
       0
       3
       3
       7
       4
       3
       2
       6
       5
       5
       8
       6
       3
       1
       2
       1
       0
       3
       4
       3
       1
       4
       5
       4
       1
       5
       1
       1
       1
       2
       2
       3
       1
       0
       3
       6
       0
       2
       0
       5
       2
       3
       2
       3
       2
       0
       5
       2
       0
       4
       2
       3
       1
       2
       1
       1
       5
       4
       2
       2
       2
       1
       2
       2
       4
       3
       1
       0
       3
       2
       2
       4
       3
       4
       3
       4
       5
       3
       4
       3
       2
       1
       6
       3
       3
       2
       4
       3
       1
       2
       1
       3
       1
       3
       1
       3
       1
       2
       0
       2
       1
       2
       0
       1
       1
       1
       4
       1
       1
       3
       2
       4
       2
       2
       0
       1
       4
       4
       3
       1
       2
       1
       1
       4
       2
       1
       2
       1
       2
       1
       1
       2
       1
       0
       2
       3
       1
       2
       0
       0
       3
       1
       1
       1
       1
       1
       0
       1
       3
       0
       0
       2
       4
       2
       2
       2
       2
       0
       1
       2
       3
       5
       3
       1
       1
       3
       6
       0
       2
       1
       0
       4
       1
       1
       3
       1
       0
       2
       0
       1
       2
       4
       2
       0
       3
       1
       1
       2
       1
       1
       3
       2
       1
       5
       0
       1
       2
       1
       1
       0
       0
       1
       0
       2
       0
       3
       0
       1
       0
       2
       2
       1
       2
       3
       2
       0
       1
       2
       3
       1
       2
       1
       0
       2
       1
       3
       1
       1
       3
       1
       1
       3
       2
       1
       1
       5
       0
       2
       0
       3
       3
       0
       2
       1
       1
       0
       0
       0
       1
       2
       0
       1
       0
       0
       0
       3
       2
       2
       3
       0
       1
       0
       1
       0
       2
       2
       1
       2
       2
       0
       2
       2
       0
       2
       1
       0
       1
       1
       1
       1
       1
       0
       2
       1
       1
       4
       2
       3
       0
       2
       0
       0
       1
       0
       0
       2
       0
       1
       0
       2
       3
       0
       2
       2
       3
       0
       3
       3
       0
       1
       1
       2
       2
       4
       1
       3
       1
       1
       3
       0
       0
       2
       2
       3
       0
       0
       0
       2
       0
       4
       1
       0
       1
       2
       4
       1
       3
       2
       2
       1
       1
       2
       0
       1
       0
       0
       1
       2
       2
       2
       0
       0
       2
       4
       3
       5
       5
       1
       3
       2
       2
       0
       0
       1
       1
       0
       1
       1
       4
       1
       2
       3
       2
       2
       1
       1
       1
       2
       1
       0
       0
       0
       1
       0
       0
       0
       0
       0
       0
       0
       0
       0
       0
       0
       0
       0
       0
       0
       0
       0
       0
       0
       0
       0
       0
       0
       0
       0
       0
       0
       0
       0
       0
       0
       0
       0
       0
       0
       0
       0
       0
       0
       0
       0
       0
       0
       0
       0
       0
       0
       0
       0
       0
       0
       0
       0
       0
       0
       0
       0
       0
       0
       0
       0
       0
       0
       0
       0
$ROI:
0
$PRESETS:
Live Time
1127
0
$ENER_FIT:
-1.026383 0.465443
$MCA_CAL:
3
-1.026383E+000 4.654429E-001 1.540903E-004 keV
$SHAPE_CAL:
3
0.000000E+000 0.000000E+000 0.000000E+000
