$SPEC_ID:
none
$SPEC_REM:
DET# 1
DETDESC# Donnie Sheehan III - Easy-MCA-2k SN 14163589
AP# Maestro Version 7.01
$DATE_MEA:
10/04/2022 15:45:23
$MEAS_TIM:
300 300
$DATA:
0 2047
       0
       0
       0
       0
       0
       0
       0
       0
       0
       0
       0
       0
       0
       0
       0
       0
       0
       0
       0
       0
       0
       0
       0
       0
       0
       0
       0
       0
       0
       0
       0
       0
       0
       0
       0
       0
       0
       0
       0
       6
       9
      14
      10
      12
       9
      16
      14
       9
      11
      10
      14
      15
      16
      20
      12
      19
      14
       8
      20
      14
      19
      17
      21
      17
      15
      10
      22
      18
      14
      10
      20
      17
      14
      19
      16
      15
       9
      12
      22
      15
       8
      12
      11
      11
      18
      26
      24
      13
      15
      21
      17
      24
       9
      31
      25
      18
      22
      26
      12
      23
      16
      12
      13
      22
      19
      23
      12
      22
      18
      18
      16
      21
       9
      14
      20
      15
      14
      18
      17
      20
      22
      22
      22
      23
      27
      17
      22
      22
      27
      17
      30
      42
      36
      43
      39
      32
      54
      49
      55
      67
      59
      53
      75
      73
      85
      89
      86
      87
      95
      89
     106
      86
      85
      94
      82
     101
      83
      74
      73
      87
      75
      63
      66
      61
      59
      63
      61
      65
      64
      55
      48
      58
      45
      46
      48
      47
      52
      36
      39
      55
      44
      33
      36
      34
      34
      32
      35
      29
      33
      26
      21
      26
      24
      31
      17
      33
      27
      23
      22
      20
      32
      24
      19
      36
      28
      17
      27
      24
      27
      29
      15
      28
      21
      23
      26
      21
      23
      22
      25
      34
      22
      21
      24
      27
      23
      24
      21
      31
      23
      22
      23
      26
      24
      27
      32
      18
      21
      33
      24
      22
      29
      31
      22
      28
      25
      28
      33
      25
      27
      18
      23
      30
      31
      30
      17
      21
      24
      30
      22
      32
      33
      24
      23
      24
      27
      26
      25
      26
      23
      30
      17
      33
      25
      24
      27
      34
      25
      25
      20
      32
      23
      31
      28
      28
      22
      34
      23
      24
      28
      27
      34
      31
      23
      24
      22
      26
      39
      24
      18
      25
      38
      33
      26
      28
      31
      28
      30
      28
      25
      27
      27
      30
      32
      31
      31
      20
      12
      26
      33
      36
      25
      27
      28
      25
      30
      25
      27
      27
      27
      27
      21
      21
      35
      21
      27
      37
      28
      22
      27
      30
      32
      29
      35
      38
      32
      33
      33
      25
      33
      25
      30
      35
      30
      32
      34
      36
      26
      30
      28
      22
      44
      27
      33
      41
      25
      31
      26
      39
      29
      25
      39
      30
      32
      42
      41
      24
      31
      27
      28
      40
      27
      40
      37
      33
      31
      38
      30
      34
      28
      34
      36
      35
      34
      21
      30
      24
      30
      31
      38
      29
      37
      34
      19
      30
      30
      29
      31
      28
      38
      27
      43
      32
      25
      32
      35
      24
      18
      27
      22
      28
      23
      28
      29
      29
      30
      37
      31
      27
      32
      32
      35
      24
      29
      28
      34
      21
      31
      31
      33
      21
      22
      18
      33
      31
      25
      17
      30
      21
      25
      27
      26
      26
      34
      38
      25
      38
      36
      21
      31
      28
      29
      26
      29
      22
      19
      22
      23
      26
      32
      23
      21
      16
      19
      28
      29
      23
      21
      28
      36
      30
      22
      31
      22
      31
      30
      28
      26
      28
      25
      30
      21
      18
      22
      33
      25
      23
      24
      34
      19
      30
      20
      27
      32
      22
      26
      24
      18
      27
      25
      25
      31
      18
      27
      26
      17
      28
      21
      24
      29
      31
      20
      22
      20
      29
      22
      28
      25
      23
      25
      22
      24
      32
      30
      22
      20
      15
      21
      21
      22
      21
      22
      26
      21
      23
      21
      22
      28
      21
      30
      22
      22
      21
      23
      29
      23
      30
      26
      21
      31
      22
      20
      21
      25
      26
      20
      20
      15
      26
      31
      25
      24
      21
      24
      27
      26
      30
      18
      23
      23
      22
      16
      28
      20
      27
      29
      19
      31
      29
      35
      20
      31
      25
      21
      29
      23
      36
      33
      26
      33
      19
      25
      19
      20
      27
      21
      20
      22
      26
      24
      32
      28
      26
      25
      25
      21
      17
      36
      28
      27
      26
      20
      20
      20
      20
      28
      19
      23
      23
      23
      24
      17
      26
      27
      27
      25
      23
      26
      33
      25
      26
      21
      19
      21
      25
      28
      28
      26
      26
      29
      19
      23
      21
      24
      19
      26
      20
      20
      26
      24
      26
      29
      26
      24
      24
      23
      20
      18
      21
      21
      28
      21
      25
      29
      18
      27
      26
      22
      19
      20
      25
      22
      39
      27
      23
      28
      21
      20
      25
      23
      32
      24
      29
      22
      36
      30
      22
      25
      19
      19
      26
      26
      17
      23
      25
      24
      17
      21
      27
      28
      29
      31
      22
      23
      22
      27
      24
      18
      25
      19
      21
      18
      24
      23
      18
      33
      24
      19
      21
      25
      19
      31
      33
      28
      29
      17
      15
      25
      25
      28
      25
      26
      19
      21
      23
      21
      28
      21
      27
      16
      27
      17
      22
      23
      29
      18
      15
      25
      23
      20
      19
      22
      25
      15
      19
      20
      29
      17
      20
      19
      25
      29
      18
      19
      22
      28
      23
      25
      24
      24
      25
      21
      21
      26
      20
      34
      22
      18
      15
      22
      18
      32
      26
      27
      23
      24
      23
      12
      19
      23
      14
      25
      23
      18
      23
      18
      28
      25
      17
      17
      29
      15
      21
      23
      17
      28
      19
      29
      21
      25
      24
      17
      30
      28
      15
      18
      21
      21
      26
      27
      24
      24
      25
      23
      17
      20
      20
      20
      22
      13
      29
      18
      31
      27
      28
      30
      25
      25
      28
      21
      17
      18
      18
      21
      20
      25
      28
      28
      20
      24
      35
      27
      16
      33
      22
      26
      24
      23
      22
      23
      28
      34
      21
      31
      33
      18
      17
      22
      26
      22
      19
      27
      22
      22
      31
      26
      16
      25
      31
      34
      22
      25
      31
      19
      29
      27
      29
      28
      24
      33
      26
      31
      23
      34
      31
      39
      26
      38
      48
      42
      27
      28
      30
      27
      35
      30
      32
      35
      29
      36
      30
      29
      33
      31
      29
      22
      26
      32
      29
      33
      32
      38
      37
      22
      31
      30
      35
      36
      18
      40
      35
      37
      27
      34
      35
      50
      27
      43
      38
      33
      30
      27
      32
      28
      34
      36
      31
      37
      49
      33
      28
      31
      36
      32
      37
      31
      36
      25
      32
      35
      43
      25
      25
      22
      37
      25
      19
      17
      41
      33
      25
      43
      35
      36
      37
      22
      25
      22
      37
      28
      22
      31
      30
      40
      26
      28
      36
      32
      33
      23
      27
      29
      30
      28
      30
      30
      26
      21
      23
      36
      23
      31
      30
      19
      31
      26
      23
      24
      26
      28
      28
      21
      21
      20
      22
      19
      23
      20
      30
      19
      30
      20
      30
      24
      24
      23
      27
      25
      16
      24
      18
      22
      19
      12
      20
      23
      19
      14
      15
      20
      15
      14
      22
      12
      21
       8
      13
      18
      15
       9
      12
       9
      14
      10
      12
      12
      13
      11
      14
      13
       7
       9
      12
       8
      13
      10
       7
       6
      10
       7
       8
      12
      10
      17
       9
      15
      10
      14
       9
       7
       9
       5
       5
      12
       3
       7
       7
      11
       3
      10
       5
       8
      10
       6
       8
       3
      11
       9
       1
       9
       7
       4
       7
       7
       2
       5
       7
       8
       8
       3
       6
       5
       5
       7
       6
       7
       3
       3
       7
       2
       7
       5
       4
       8
       6
       5
       4
       2
       8
       3
       6
       2
       5
       6
       3
       4
       2
       9
       2
       5
       6
       5
       1
       7
       3
       2
       6
       4
       3
       2
       1
       3
       1
       6
       5
       6
       5
       2
       3
       0
       2
      11
       9
       2
       3
       3
       3
       4
       2
       2
       6
       2
       3
       3
       4
       3
       8
       2
       2
       2
       4
       0
       1
       5
       2
       1
       4
       4
       1
       0
       2
       3
       4
       5
       4
       3
       1
       1
       3
       2
       3
       5
       1
       5
       4
       3
       5
       3
       2
       3
       2
       2
       3
       0
       1
       1
       5
       6
       4
       2
       2
       2
       3
       0
       3
       1
       2
       3
       0
       3
       3
       2
       3
       2
       6
       2
       2
       2
       3
       3
       3
       2
       2
       4
       0
       2
       3
       1
       1
       3
       5
       2
       4
       2
       4
       4
       2
       3
       3
       4
       1
       2
       1
       2
       4
       3
       2
       3
       3
       3
       1
       0
       2
       1
       3
       4
       2
       1
       1
       1
       2
       3
       2
       6
       2
       6
       3
       3
       3
       2
       4
       3
       1
       1
       4
       0
       2
       3
       2
       4
       3
       2
       0
       3
       4
       3
       2
       2
       4
       2
       2
       2
       1
       0
       4
       2
       2
       4
       3
       1
       2
       0
       4
       3
       3
       4
       0
       2
       1
       2
       2
       2
       4
       1
       5
       1
       0
       3
       1
       1
       3
       4
       1
       4
       2
       5
       3
       3
       3
       7
       3
       3
       2
       2
       2
       3
       1
       3
       1
       3
       2
       4
       1
       0
       1
       6
       1
       3
       0
       2
       1
       2
       2
       4
       2
       2
       1
       0
       0
       2
       0
       0
       4
       1
       0
       4
       2
       1
       0
       3
       2
       3
       4
       2
       4
       0
       2
       2
       2
       2
       1
       1
       4
       2
       3
       3
       3
       2
       2
       1
       2
       1
       1
       0
       2
       3
       2
       5
       0
       1
       4
       3
       2
       1
       2
       2
       2
       3
       4
       2
       3
       0
       3
       3
       4
       3
       1
       0
       3
       3
       2
       2
       1
       2
       4
       1
       3
       3
       2
       1
       5
       3
       2
       3
       3
       0
       2
       1
       3
       5
       3
       1
       2
       3
       3
       1
       2
       4
       4
       2
       3
       0
       2
       2
       0
       2
       0
       1
       4
       2
       2
       3
       3
       3
       0
       2
       3
       2
       5
       1
       5
       1
       1
       4
       0
       3
       2
       2
       1
       5
       6
       0
       0
       4
       4
       4
       0
       0
       4
       1
       3
       1
       2
       2
       2
       3
       1
       0
       3
       3
       3
       3
       7
       1
       2
       2
       2
       1
       0
       3
       4
       4
       1
       2
       0
       3
       1
       3
       1
       1
       0
       6
       3
       1
       1
       2
       2
       2
       5
       3
       1
       3
       3
       2
       4
       1
       1
       3
       6
       1
       3
       1
       6
       1
       4
       4
       3
       1
       1
       2
       3
       2
       2
       2
       2
       1
       5
       4
       1
       5
       2
       2
       7
       2
       1
       3
       1
       2
       5
       1
       1
       1
       3
       4
       0
       2
       3
       1
       3
       1
       1
       0
       3
       0
       2
       6
       4
       1
       1
       2
       2
       1
       1
       2
       2
       1
       3
       1
       1
       2
       1
       0
       2
       3
       2
       3
       3
       3
       2
       1
       0
       3
       0
       3
       5
       5
       2
       1
       3
       1
       2
       2
       2
       5
       2
       3
       3
       2
       1
       4
       5
       2
       2
       4
       1
       3
       5
       3
       0
       1
       1
       4
       1
       2
       3
       1
       2
       1
       0
       2
       2
       0
       3
       2
       3
       3
       2
       3
       3
       1
       3
       2
       4
       2
       1
       0
       3
       0
       2
       2
       4
       2
       2
       4
       0
       1
       2
       2
       1
       1
       2
       2
       3
       0
       1
       0
       0
       1
       2
       1
       0
       2
       2
       2
       1
       0
       3
       2
       1
       3
       2
       0
       1
       3
       3
       0
       1
       4
       1
       2
       2
       0
       0
       2
       0
       1
       1
       1
       0
       2
       3
       2
       1
       3
       0
       2
       1
       4
       1
       1
       4
       2
       1
       3
       0
       3
       0
       1
       0
       1
       1
       3
       1
       0
       0
       2
       1
       0
       0
       3
       1
       1
       1
       0
       1
       0
       0
       1
       2
       3
       2
       1
       1
       1
       3
       1
       1
       1
       2
       3
       1
       2
       0
       1
       1
       3
       2
       0
       2
       0
       0
       2
       1
       1
       2
       4
       1
       2
       1
       2
       0
       2
       2
       1
       2
       1
       3
       0
       3
       1
       0
       1
       3
       1
       1
       0
       0
       1
       2
       3
       1
       0
       2
       1
       3
       2
       0
       0
       1
       1
       1
       0
       2
       2
       1
       2
       1
       3
       2
       1
       1
       1
       1
       1
       0
       0
       3
       4
       1
       2
       1
       0
       0
       1
       2
       3
       1
       0
       1
       2
       3
       2
       4
       1
       3
       1
       1
       1
       0
       0
       1
       0
       0
       1
       2
       1
       2
       0
       2
       2
       0
       0
       1
       1
       1
       2
       2
       2
       2
       1
       0
       1
       1
       0
       1
       3
       3
       3
       1
       0
       1
       0
       0
       0
       2
       2
       1
       0
       1
       1
       2
       1
       0
       0
       0
       2
       2
       1
       2
       2
       1
       0
       2
       0
       1
       5
       2
       3
       1
       2
       0
       3
       0
       2
       2
       1
       0
       1
       3
       1
       0
       1
       2
       0
       4
       2
       3
       0
       2
       1
       2
       2
       0
       3
       3
       2
       0
       0
       1
       3
       4
       0
       0
       0
       0
       0
       0
       0
       0
       0
       0
       0
       0
       0
       0
       0
       0
       0
       0
       0
       0
       0
       0
       0
       0
       0
       0
       0
       0
       0
       0
       0
       0
       0
       0
       0
       0
       0
       0
       0
       0
       0
       0
       0
       0
       0
       0
       0
       0
       0
       0
       0
       0
       0
       0
       0
       0
       0
       0
       0
       0
       0
       0
       0
       0
       0
       0
       0
       0
$ROI:
0
$PRESETS:
Live Time
1127
0
$ENER_FIT:
-1.026383 0.465443
$MCA_CAL:
3
-1.026383E+000 4.654429E-001 1.540903E-004 keV
$SHAPE_CAL:
3
0.000000E+000 0.000000E+000 0.000000E+000
