$SPEC_ID:
none
$SPEC_REM:
DET# 1
DETDESC# Donnie Sheehan III - Easy-MCA-2k SN 14163589
AP# Maestro Version 7.01
$DATE_MEA:
10/04/2022 15:50:54
$MEAS_TIM:
300 300
$DATA:
0 2047
       0
       0
       0
       0
       0
       0
       0
       0
       0
       0
       0
       0
       0
       0
       0
       0
       0
       0
       0
       0
       0
       0
       0
       0
       0
       0
       0
       0
       0
       0
       0
       0
       0
       0
       0
       0
       0
       0
       0
       2
       7
       9
       3
       3
       4
       4
      11
       3
       6
       5
       7
      12
      11
      10
       4
       9
      13
       5
       7
       5
       9
      14
       7
       5
      10
       8
       7
       8
       7
       6
      12
       8
       6
       5
       8
      12
       3
       9
       5
       7
       6
       9
       8
       5
      12
      13
       8
      10
       8
       7
       6
       5
       6
      12
       6
      14
       8
      12
      12
       7
       9
       8
       8
      18
       8
      12
       8
       9
      10
       7
       9
       5
      11
       6
       5
      12
       7
      12
      11
      10
      10
      10
      17
       6
      10
       7
      11
       5
      11
       9
       8
      19
      12
      16
      16
      13
      13
      23
      20
      19
      13
      32
      28
      25
      24
      24
      26
      31
      41
      33
      35
      31
      22
      27
      26
      33
      30
      30
      27
      30
      30
      23
      32
      28
      36
      23
      27
      22
      25
      30
      30
      27
      27
      23
      20
      26
      23
      21
      18
      24
      21
      21
      25
      24
      20
      16
      21
      18
      18
      17
      17
      15
       7
      23
      15
      23
      16
      28
      13
      22
      15
      15
      23
      15
      20
      18
      24
      21
      17
      20
      16
      17
      18
      14
      29
      14
      21
      20
      15
      20
      15
      17
      15
      17
      17
      19
      19
      18
      26
      17
      14
      16
      15
      14
      13
      20
      18
      20
      14
      14
      10
      26
      18
      27
      17
      10
       8
      16
      16
      15
      15
      12
      19
      18
      15
      27
      13
      20
      12
       9
      11
      20
      12
       9
      19
      13
      18
      16
      19
      21
      10
      14
      11
      24
      14
      13
      12
      11
      15
      19
      18
      21
      14
      10
      20
      19
      20
      12
      16
      13
       9
      10
      15
      17
      23
      12
      16
      14
      13
      19
      11
      12
      16
      13
      17
      13
      16
      17
      17
      14
      17
      12
      11
      22
      14
      24
      12
      23
      16
      17
      16
      27
       5
      17
      30
      18
      24
      18
      12
      15
      12
      20
      14
      17
      10
      20
      14
      12
      14
      14
      13
      21
      19
      19
      20
      13
      18
      12
      13
      15
      18
      20
      13
      14
       8
      20
      13
      15
      15
      13
      18
      17
      12
      19
      15
      15
      16
      15
      15
      22
       8
       9
      19
      11
      10
      16
      15
      14
       9
      10
      15
      21
      15
      20
      10
      17
      11
      10
      14
      13
       9
       8
      21
      19
      15
      12
      17
      11
      13
      17
      21
      13
      16
      17
      17
      16
      10
      19
      10
      14
      15
      12
      16
      13
      16
      12
      12
       7
      19
      12
      12
      18
      11
      12
      11
       9
      16
      14
      17
      10
      12
      13
      10
      16
      24
      12
      14
      14
      16
      14
       9
      15
      10
       5
       7
      11
      12
      14
      10
      14
      19
      14
      12
      21
      12
      12
       7
      11
      11
      13
      21
      15
      15
      10
      14
      14
       9
      17
       8
      11
      15
       9
      15
      11
       7
      11
      23
      11
       6
      11
      18
       9
       6
      19
      10
      12
      11
      12
      14
      12
      22
      14
      10
      17
      13
      13
      12
      12
       9
      13
      10
      20
      17
      14
      12
      10
      10
      11
      15
      10
      13
      15
      11
      13
      14
      14
      10
      10
      17
      17
      17
      15
      10
      16
       5
      13
      12
      13
      12
      13
       8
      11
      16
      12
      11
      11
      16
      10
      17
      11
      15
       8
       4
      11
       9
      19
       9
      11
       9
      15
      11
       9
       9
      11
       9
      18
      11
       7
      17
      11
      12
       4
      13
       8
       9
      14
      13
       6
       6
      12
      12
       5
       8
      15
      10
       9
      12
       6
      11
       7
       9
       7
      12
      10
      11
      12
      13
      12
      12
      11
       7
       9
      15
       9
       7
      14
      11
       8
      11
      10
      10
       5
       9
      10
      11
      14
      11
       9
       9
      11
       9
       6
      15
      15
       9
      10
       8
       8
      11
      12
       9
      12
      13
       6
       5
       6
       9
       9
       7
      10
      10
      11
      15
       8
       8
      10
      10
      10
      15
      12
      10
       6
      12
      12
       8
       5
      10
      17
       7
       7
       9
       7
      10
      14
       8
       9
      11
       5
      10
      11
       4
       8
       7
       9
      10
      11
       5
       7
      10
      12
       8
      10
       3
      10
      10
       7
      10
       6
       9
      11
      11
       7
       6
      11
      12
       9
      11
      13
       3
       7
       6
       6
       6
       5
       5
       9
       6
       7
      14
       9
       9
       5
       6
       4
      12
       6
       4
       9
       7
      10
       8
      14
       5
       8
      15
      11
      11
      14
       7
      10
       8
      13
       9
      12
      12
       5
      12
      10
      15
       4
       5
      15
      13
      11
       9
      13
      12
       6
       8
      11
       4
       8
       6
      18
       8
      12
      14
       9
       8
      10
      11
       8
      17
      11
      14
       9
      12
      11
      11
      12
      13
      15
      11
       6
       9
      11
      12
      10
      13
       9
       8
      10
      14
      12
       8
       8
      13
      16
      12
      16
      11
      16
      12
      17
      17
       8
      12
       9
      21
      14
       8
      15
      18
      14
      13
      17
      15
      11
      14
      14
      22
      11
       8
      15
      16
      16
      19
      17
       7
      19
      16
      14
      22
      15
      23
      13
      15
      21
      11
      11
      14
      18
      19
      13
      10
      16
      12
      12
       9
      17
      16
      12
      13
      12
      16
      13
      13
      17
       8
      10
       9
      20
      14
      17
      16
      19
      21
      11
      12
      16
       8
      25
      12
       9
      13
      14
      11
      13
       9
      13
      11
      13
      13
      13
       6
      14
      11
      11
       8
      15
      18
      11
      15
      16
       6
      14
       9
       6
      12
      15
      15
      13
      18
       9
      10
      11
      11
      12
      12
      12
      19
      19
      14
      18
       8
      16
       9
      12
      16
      18
      15
      18
      10
      11
       8
       8
      14
       9
      12
       9
      13
      11
      13
       9
      10
      15
      11
      14
      10
      15
       8
      11
      14
      13
      13
      14
      15
      11
      11
      12
      11
       9
       7
      13
      11
       7
      18
      15
       7
       9
       5
      11
      12
      12
      10
       6
      10
       9
       6
      10
      13
       8
       6
       7
      13
       7
       6
       9
       6
       5
      12
       9
      10
      10
      12
       5
       9
       4
       2
       5
       9
       7
       7
       9
       8
       4
      11
      13
       9
       7
       5
       9
       3
       7
       6
       4
       7
       7
       3
       4
       5
       6
       4
      11
       2
       4
       4
       6
      10
       4
       7
       6
       5
       3
       8
      10
       7
       3
       8
       8
       7
       5
       5
       4
       9
       4
       2
       6
       8
       8
       5
       3
       6
       7
       7
       4
       6
       6
       4
       6
       2
       2
       4
       7
       6
       6
       7
       8
       4
       4
       4
       2
       2
       6
       1
       7
       6
       3
       7
       5
       4
       5
       6
       4
       3
       5
       6
       6
       4
       5
      11
       4
       7
       1
       1
       2
       8
       3
       4
       3
       5
       3
       4
       5
       6
       1
       3
       3
       4
       1
       2
       3
       2
       7
       3
       5
       0
       6
       7
       3
       6
       5
       2
       4
       5
       5
       4
       5
       4
       3
       3
       2
       2
       6
       3
       2
       3
       2
       2
       3
       2
       3
       0
       2
       4
       4
       4
       3
       1
       3
       4
       3
       2
       6
       1
       2
       2
       6
       2
       6
       2
       8
       2
       6
       3
       3
       2
       4
       2
       5
       2
       1
       3
       2
       1
       2
       6
       4
       3
       0
       4
       4
       0
       2
       2
       2
       1
       3
       1
       1
       5
       1
       1
       2
       3
       3
       3
       4
       4
       2
       3
       2
       2
       3
       2
       2
       5
       2
       3
       1
       2
       2
       7
       1
       4
       2
       1
       2
       2
       4
       4
       1
       1
       0
       3
       2
       3
       1
       1
       2
       2
       2
       3
       5
       4
       3
       2
       6
       2
       2
       2
       2
       3
       6
       2
       4
       2
       5
       1
       0
       3
       1
       4
       2
       6
       3
       1
       1
       1
       4
       5
       2
       3
       1
       0
       3
       2
       3
       2
       6
       5
       0
       3
       2
       3
       3
       3
       4
       1
       2
       0
       2
       3
       1
       1
       2
       2
       1
       1
       2
       1
       1
       5
       2
       4
       1
       4
       1
       3
       2
       0
       2
       1
       3
       2
       3
       1
       3
       3
       5
       1
       4
       0
       2
       0
       7
       3
       2
       0
       4
       2
       3
       2
       4
       3
       1
       1
       1
       2
       0
       1
       3
       3
       2
       3
       0
       3
       1
       2
       1
       2
       2
       2
       2
       3
       2
       1
       5
       6
       1
       3
       3
       2
       5
       3
       0
       1
       2
       3
       3
       2
       5
       3
       0
       1
       4
       4
       2
       6
       3
       0
       4
       3
       3
       2
       3
       3
       5
       2
       2
       2
       7
       3
       4
       4
       2
       3
       3
       3
       2
       3
       4
       0
       1
       1
       0
       2
       1
       3
       3
       2
       4
       6
       2
       5
       1
       1
       1
       6
       3
       2
       3
       1
       2
       1
       2
       4
       5
       2
       3
       0
       2
       2
       4
       2
       6
       1
       1
       1
       6
       1
       2
       1
       0
       3
       2
       3
       5
       2
       1
       2
       3
       2
       6
       3
       2
       2
       4
       3
       1
       2
       1
       2
       1
       6
       0
       4
       0
       1
       2
       1
       3
       3
       1
       3
       5
       2
       1
       2
       2
       0
       1
       0
       2
       2
       1
       2
       3
       2
       2
       3
       2
       0
       2
       1
       3
       1
       3
       4
       4
       1
       6
       2
       4
       3
       4
       0
       1
       0
       1
       4
       2
       2
       1
       2
       2
       1
       2
       3
       6
       3
       0
       2
       0
       3
       2
       1
       2
       3
       4
       2
       1
       1
       3
       3
       3
       1
       2
       3
       2
       2
       1
       3
       1
       2
       3
       3
       3
       1
       3
       0
       2
       2
       4
       5
       1
       1
       0
       3
       2
       2
       5
       1
       0
       1
       0
       3
       4
       2
       2
       1
       3
       2
       0
       2
       2
       1
       3
       1
       0
       3
       1
       4
       4
       5
       2
       2
       1
       3
       4
       2
       0
       3
       2
       1
       4
       3
       1
       1
       6
       2
       2
       5
       2
       0
       2
       4
       2
       6
       3
       2
       4
       3
       0
       0
       2
       2
       3
       3
       5
       2
       1
       2
       0
       0
       2
       2
       0
       1
       2
       0
       0
       3
       3
       3
       4
       1
       1
       1
       5
       0
       1
       1
       3
       1
       0
       3
       5
       6
       2
       3
       1
       2
       3
       2
       2
       3
       3
       0
       3
       5
       3
       0
       0
       1
       2
       2
       2
       3
       6
       6
       2
       2
       0
       3
       2
       2
       5
       3
       2
       2
       1
       4
       2
       4
       3
       3
       1
       1
       6
       1
       2
       1
       5
       1
       0
       1
       2
       1
       5
       5
       2
       1
       4
       0
       0
       5
       4
       2
       1
       2
       3
       2
       1
       2
       1
       3
       1
       4
       1
       3
       2
       1
       4
       3
       1
       2
       1
       1
       3
       0
       2
       2
       5
       2
       4
       2
       3
       1
       0
       1
       0
       1
       2
       0
       5
       1
       4
       4
       2
       0
       3
       4
       3
       2
       0
       1
       2
       3
       1
       1
       4
       1
       0
       0
       2
       1
       1
       1
       0
       0
       1
       1
       1
       1
       3
       4
       2
       3
       4
       0
       1
       0
       3
       2
       2
       3
       2
       1
       1
       2
       1
       0
       2
       2
       0
       3
       3
       1
       1
       2
       1
       0
       1
       1
       1
       1
       1
       0
       0
       3
       0
       0
       1
       2
       3
       1
       0
       2
       2
       1
       3
       2
       3
       1
       2
       2
       3
       0
       1
       2
       3
       1
       1
       1
       1
       4
       2
       3
       1
       1
       1
       0
       0
       2
       2
       1
       4
       0
       2
       2
       1
       1
       1
       0
       0
       0
       2
       0
       0
       2
       0
       2
       0
       0
       0
       1
       1
       3
       1
       0
       1
       2
       5
       1
       1
       3
       0
       0
       2
       4
       2
       2
       1
       1
       0
       1
       2
       2
       3
       3
       0
       1
       3
       0
       3
       0
       0
       1
       0
       1
       0
       1
       2
       0
       0
       2
       1
       0
       0
       0
       0
       2
       2
       0
       2
       1
       0
       2
       2
       2
       0
       1
       2
       3
       1
       1
       0
       4
       1
       0
       1
       4
       0
       1
       0
       0
       2
       2
       1
       2
       1
       1
       1
       3
       4
       2
       0
       1
       2
       3
       1
       1
       1
       1
       0
       2
       3
       1
       4
       3
       1
       0
       0
       1
       2
       0
       1
       0
       2
       2
       2
       1
       2
       5
       5
       1
       3
       1
       3
       0
       2
       3
       1
       1
       4
       2
       0
       2
       0
       1
       1
       0
       3
       2
       0
       1
       0
       2
       1
       1
       1
       1
       0
       2
       0
       2
       1
       3
       1
       0
       1
       2
       3
       2
       2
       1
       2
       1
       0
       0
       0
       0
       0
       0
       0
       0
       0
       0
       0
       0
       0
       0
       0
       0
       0
       0
       0
       0
       0
       0
       0
       0
       0
       0
       0
       0
       0
       0
       0
       0
       0
       0
       0
       0
       0
       0
       0
       0
       0
       0
       0
       0
       0
       0
       0
       0
       0
       0
       0
       0
       0
       0
       0
       0
       0
       0
       0
       0
       0
       0
       0
       0
       0
       0
       0
       0
       0
$ROI:
0
$PRESETS:
Live Time
1127
0
$ENER_FIT:
-1.026383 0.465443
$MCA_CAL:
3
-1.026383E+000 4.654429E-001 1.540903E-004 keV
$SHAPE_CAL:
3
0.000000E+000 0.000000E+000 0.000000E+000
